10000 44
0 10
10 10
20 10
30 10
40 10
50 10
60 10
70 10
80 10
90 10
100 10
110 10
120 10
130 10
140 10
150 10
160 10
170 10
180 10
190 10
200 10
210 10
220 10
230 10
240 10
250 10
260 10
270 10
280 10
290 10
300 10
310 10
320 10
330 10
340 10
350 10
360 10
370 10
380 10
390 10
400 10
410 10
420 10
430 10
440 10
450 10
460 10
470 10
480 10
490 10
500 10
510 10
520 10
530 10
540 10
550 10
560 10
570 10
580 10
590 10
600 10
610 10
620 10
630 10
640 10
650 10
660 10
670 10
680 10
690 10
700 10
710 10
720 10
730 10
740 10
750 10
760 10
770 10
780 10
790 10
800 10
810 10
820 10
830 10
840 10
850 10
860 10
870 10
880 10
890 10
900 10
910 10
920 10
930 10
940 10
950 10
960 10
970 10
980 10
990 10
1000 10
1010 10
1020 10
1030 10
1040 10
1050 10
1060 10
1070 10
1080 10
1090 10
1100 10
1110 10
1120 10
1130 10
1140 10
1150 10
1160 10
1170 10
1180 10
1190 10
1200 10
1210 10
1220 10
1230 10
1240 10
1250 10
1260 10
1270 10
1280 10
1290 10
1300 10
1310 10
1320 10
1330 10
1340 10
1350 10
1360 10
1370 10
1380 10
1390 10
1400 10
1410 10
1420 10
1430 10
1440 10
1450 10
1460 10
1470 10
1480 10
1490 10
1500 10
1510 10
1520 10
1530 10
1540 10
1550 10
1560 10
1570 10
1580 10
1590 10
1600 10
1610 10
1620 10
1630 10
1640 10
1650 10
1660 10
1670 10
1680 10
1690 10
1700 10
1710 10
1720 10
1730 10
1740 10
1750 10
1760 10
1770 10
1780 10
1790 10
1800 10
1810 10
1820 10
1830 10
1840 10
1850 10
1860 10
1870 10
1880 10
1890 10
1900 10
1910 10
1920 10
1930 10
1940 10
1950 10
1960 10
1970 10
1980 10
1990 10
2000 10
2010 10
2020 10
2030 10
2040 10
2050 10
2060 10
2070 10
2080 10
2090 10
2100 10
2110 10
2120 10
2130 10
2140 10
2150 10
2160 10
2170 10
2180 10
2190 10
2200 10
2210 10
2220 10
2230 10
2240 10
2250 10
2260 10
2270 10
2280 10
2290 10
2300 10
2310 10
2320 10
2330 10
2340 10
2350 10
2360 10
2370 10
2380 10
2390 10
2400 10
2410 10
2420 10
2430 10
2440 10
2450 10
2460 10
2470 10
2480 10
2490 10
2500 10
2510 10
2520 10
2530 10
2540 10
2550 10
2560 10
2570 10
2580 10
2590 10
2600 10
2610 10
2620 10
2630 10
2640 10
2650 10
2660 10
2670 10
2680 10
2690 10
2700 10
2710 10
2720 10
2730 10
2740 10
2750 10
2760 10
2770 10
2780 10
2790 10
2800 10
2810 10
2820 10
2830 10
2840 10
2850 10
2860 10
2870 10
2880 10
2890 10
2900 10
2910 10
2920 10
2930 10
2940 10
2950 10
2960 10
2970 10
2980 10
2990 10
3000 10
3010 10
3020 10
3030 10
3040 10
3050 10
3060 10
3070 10
3080 10
3090 10
3100 10
3110 10
3120 10
3130 10
3140 10
3150 10
3160 10
3170 10
3180 10
3190 10
3200 10
3210 10
3220 10
3230 10
3240 10
3250 10
3260 10
3270 10
3280 10
3290 10
3300 10
3310 10
3320 10
3330 10
3340 10
3350 10
3360 10
3370 10
3380 10
3390 10
3400 10
3410 10
3420 10
3430 10
3440 10
3450 10
3460 10
3470 10
3480 10
3490 10
3500 10
3510 10
3520 10
3530 10
3540 10
3550 10
3560 10
3570 10
3580 10
3590 10
3600 10
3610 10
3620 10
3630 10
3640 10
3650 10
3660 10
3670 10
3680 10
3690 10
3700 10
3710 10
3720 10
3730 10
3740 10
3750 10
3760 10
3770 10
3780 10
3790 10
3800 10
3810 10
3820 10
3830 10
3840 10
3850 10
3860 10
3870 10
3880 10
3890 10
3900 10
3910 10
3920 10
3930 10
3940 10
3950 10
3960 10
3970 10
3980 10
3990 10
4000 10
4010 10
4020 10
4030 10
4040 10
4050 10
4060 10
4070 10
4080 10
4090 10
4100 10
4110 10
4120 10
4130 10
4140 10
4150 10
4160 10
4170 10
4180 10
4190 10
4200 10
4210 10
4220 10
4230 10
4240 10
4250 10
4260 10
4270 10
4280 10
4290 10
4300 10
4310 10
4320 10
4330 10
4340 10
4350 10
4360 10
4370 10
4380 10
4390 10
4400 10
4410 10
4420 10
4430 10
4440 10
4450 10
4460 10
4470 10
4480 10
4490 10
4500 10
4510 10
4520 10
4530 10
4540 10
4550 10
4560 10
4570 10
4580 10
4590 10
4600 10
4610 10
4620 10
4630 10
4640 10
4650 10
4660 10
4670 10
4680 10
4690 10
4700 10
4710 10
4720 10
4730 10
4740 10
4750 10
4760 10
4770 10
4780 10
4790 10
4800 10
4810 10
4820 10
4830 10
4840 10
4850 10
4860 10
4870 10
4880 10
4890 10
4900 10
4910 10
4920 10
4930 10
4940 10
4950 10
4960 10
4970 10
4980 10
4990 10
5000 10
5010 10
5020 10
5030 10
5040 10
5050 10
5060 10
5070 10
5080 10
5090 10
5100 10
5110 10
5120 10
5130 10
5140 10
5150 10
5160 10
5170 10
5180 10
5190 10
5200 10
5210 10
5220 10
5230 10
5240 10
5250 10
5260 10
5270 10
5280 10
5290 10
5300 10
5310 10
5320 10
5330 10
5340 10
5350 10
5360 10
5370 10
5380 10
5390 10
5400 10
5410 10
5420 10
5430 10
5440 10
5450 10
5460 10
5470 10
5480 10
5490 10
5500 10
5510 10
5520 10
5530 10
5540 10
5550 10
5560 10
5570 10
5580 10
5590 10
5600 10
5610 10
5620 10
5630 10
5640 10
5650 10
5660 10
5670 10
5680 10
5690 10
5700 10
5710 10
5720 10
5730 10
5740 10
5750 10
5760 10
5770 10
5780 10
5790 10
5800 10
5810 10
5820 10
5830 10
5840 10
5850 10
5860 10
5870 10
5880 10
5890 10
5900 10
5910 10
5920 10
5930 10
5940 10
5950 10
5960 10
5970 10
5980 10
5990 10
6000 10
6010 10
6020 10
6030 10
6040 10
6050 10
6060 10
6070 10
6080 10
6090 10
6100 10
6110 10
6120 10
6130 10
6140 10
6150 10
6160 10
6170 10
6180 10
6190 10
6200 10
6210 10
6220 10
6230 10
6240 10
6250 10
6260 10
6270 10
6280 10
6290 10
6300 10
6310 10
6320 10
6330 10
6340 10
6350 10
6360 10
6370 10
6380 10
6390 10
6400 10
6410 10
6420 10
6430 10
6440 10
6450 10
6460 10
6470 10
6480 10
6490 10
6500 10
6510 10
6520 10
6530 10
6540 10
6550 10
6560 10
6570 10
6580 10
6590 10
6600 10
6610 10
6620 10
6630 10
6640 10
6650 10
6660 10
6670 10
6680 10
6690 10
6700 10
6710 10
6720 10
6730 10
6740 10
6750 10
6760 10
6770 10
6780 10
6790 10
6800 10
6810 10
6820 10
6830 10
6840 10
6850 10
6860 10
6870 10
6880 10
6890 10
6900 10
6910 10
6920 10
6930 10
6940 10
6950 10
6960 10
6970 10
6980 10
6990 10
7000 10
7010 10
7020 10
7030 10
7040 10
7050 10
7060 10
7070 10
7080 10
7090 10
7100 10
7110 10
7120 10
7130 10
7140 10
7150 10
7160 10
7170 10
7180 10
7190 10
7200 10
7210 10
7220 10
7230 10
7240 10
7250 10
7260 10
7270 10
7280 10
7290 10
7300 10
7310 10
7320 10
7330 10
7340 10
7350 10
7360 10
7370 10
7380 10
7390 10
7400 10
7410 10
7420 10
7430 10
7440 10
7450 10
7460 10
7470 10
7480 10
7490 10
7500 10
7510 10
7520 10
7530 10
7540 10
7550 10
7560 10
7570 10
7580 10
7590 10
7600 10
7610 10
7620 10
7630 10
7640 10
7650 10
7660 10
7670 10
7680 10
7690 10
7700 10
7710 10
7720 10
7730 10
7740 10
7750 10
7760 10
7770 10
7780 10
7790 10
7800 10
7810 10
7820 10
7830 10
7840 10
7850 10
7860 10
7870 10
7880 10
7890 10
7900 10
7910 10
7920 10
7930 10
7940 10
7950 10
7960 10
7970 10
7980 10
7990 10
8000 10
8010 10
8020 10
8030 10
8040 10
8050 10
8060 10
8070 10
8080 10
8090 10
8100 10
8110 10
8120 10
8130 10
8140 10
8150 10
8160 10
8170 10
8180 10
8190 10
8200 10
8210 10
8220 10
8230 10
8240 10
8250 10
8260 10
8270 10
8280 10
8290 10
8300 10
8310 10
8320 10
8330 10
8340 10
8350 10
8360 10
8370 10
8380 10
8390 10
8400 10
8410 10
8420 10
8430 10
8440 10
8450 10
8460 10
8470 10
8480 10
8490 10
8500 10
8510 10
8520 10
8530 10
8540 10
8550 10
8560 10
8570 10
8580 10
8590 10
8600 10
8610 10
8620 10
8630 10
8640 10
8650 10
8660 10
8670 10
8680 10
8690 10
8700 10
8710 10
8720 10
8730 10
8740 10
8750 10
8760 10
8770 10
8780 10
8790 10
8800 10
8810 10
8820 10
8830 10
8840 10
8850 10
8860 10
8870 10
8880 10
8890 10
8900 10
8910 10
8920 10
8930 10
8940 10
8950 10
8960 10
8970 10
8980 10
8990 10
9000 10
9010 10
9020 10
9030 10
9040 10
9050 10
9060 10
9070 10
9080 10
9090 10
9100 10
9110 10
9120 10
9130 10
9140 10
9150 10
9160 10
9170 10
9180 10
9190 10
9200 10
9210 10
9220 10
9230 10
9240 10
9250 10
9260 10
9270 10
9280 10
9290 10
9300 10
9310 10
9320 10
9330 10
9340 10
9350 10
9360 10
9370 10
9380 10
9390 10
9400 10
9410 10
9420 10
9430 10
9440 10
9450 10
9460 10
9470 10
9480 10
9490 10
9500 10
9510 10
9520 10
9530 10
9540 10
9550 10
9560 10
9570 10
9580 10
9590 10
9600 10
9610 10
9620 10
9630 10
9640 10
9650 10
9660 10
9670 10
9680 10
9690 10
9700 10
9710 10
9720 10
9730 10
9740 10
9750 10
9760 10
9770 10
9780 10
9790 10
9800 10
9810 10
9820 10
9830 10
9840 10
9850 10
9860 10
9870 10
9880 10
9890 10
9900 10
9910 10
9920 10
9930 10
9940 10
9950 10
9960 10
9970 10
9980 10
9990 10
10000 10
10010 10
10020 10
10030 10
10040 10
10050 10
10060 10
10070 10
10080 10
10090 10
10100 10
10110 10
10120 10
10130 10
10140 10
10150 10
10160 10
10170 10
10180 10
10190 10
10200 10
10210 10
10220 10
10230 10
10240 10
10250 10
10260 10
10270 10
10280 10
10290 10
10300 10
10310 10
10320 10
10330 10
10340 10
10350 10
10360 10
10370 10
10380 10
10390 10
10400 10
10410 10
10420 10
10430 10
10440 10
10450 10
10460 10
10470 10
10480 10
10490 10
10500 10
10510 10
10520 10
10530 10
10540 10
10550 10
10560 10
10570 10
10580 10
10590 10
10600 10
10610 10
10620 10
10630 10
10640 10
10650 10
10660 10
10670 10
10680 10
10690 10
10700 10
10710 10
10720 10
10730 10
10740 10
10750 10
10760 10
10770 10
10780 10
10790 10
10800 10
10810 10
10820 10
10830 10
10840 10
10850 10
10860 10
10870 10
10880 10
10890 10
10900 10
10910 10
10920 10
10930 10
10940 10
10950 10
10960 10
10970 10
10980 10
10990 10
11000 10
11010 10
11020 10
11030 10
11040 10
11050 10
11060 10
11070 10
11080 10
11090 10
11100 10
11110 10
11120 10
11130 10
11140 10
11150 10
11160 10
11170 10
11180 10
11190 10
11200 10
11210 10
11220 10
11230 10
11240 10
11250 10
11260 10
11270 10
11280 10
11290 10
11300 10
11310 10
11320 10
11330 10
11340 10
11350 10
11360 10
11370 10
11380 10
11390 10
11400 10
11410 10
11420 10
11430 10
11440 10
11450 10
11460 10
11470 10
11480 10
11490 10
11500 10
11510 10
11520 10
11530 10
11540 10
11550 10
11560 10
11570 10
11580 10
11590 10
11600 10
11610 10
11620 10
11630 10
11640 10
11650 10
11660 10
11670 10
11680 10
11690 10
11700 10
11710 10
11720 10
11730 10
11740 10
11750 10
11760 10
11770 10
11780 10
11790 10
11800 10
11810 10
11820 10
11830 10
11840 10
11850 10
11860 10
11870 10
11880 10
11890 10
11900 10
11910 10
11920 10
11930 10
11940 10
11950 10
11960 10
11970 10
11980 10
11990 10
12000 10
12010 10
12020 10
12030 10
12040 10
12050 10
12060 10
12070 10
12080 10
12090 10
12100 10
12110 10
12120 10
12130 10
12140 10
12150 10
12160 10
12170 10
12180 10
12190 10
12200 10
12210 10
12220 10
12230 10
12240 10
12250 10
12260 10
12270 10
12280 10
12290 10
12300 10
12310 10
12320 10
12330 10
12340 10
12350 10
12360 10
12370 10
12380 10
12390 10
12400 10
12410 10
12420 10
12430 10
12440 10
12450 10
12460 10
12470 10
12480 10
12490 10
12500 10
12510 10
12520 10
12530 10
12540 10
12550 10
12560 10
12570 10
12580 10
12590 10
12600 10
12610 10
12620 10
12630 10
12640 10
12650 10
12660 10
12670 10
12680 10
12690 10
12700 10
12710 10
12720 10
12730 10
12740 10
12750 10
12760 10
12770 10
12780 10
12790 10
12800 10
12810 10
12820 10
12830 10
12840 10
12850 10
12860 10
12870 10
12880 10
12890 10
12900 10
12910 10
12920 10
12930 10
12940 10
12950 10
12960 10
12970 10
12980 10
12990 10
13000 10
13010 10
13020 10
13030 10
13040 10
13050 10
13060 10
13070 10
13080 10
13090 10
13100 10
13110 10
13120 10
13130 10
13140 10
13150 10
13160 10
13170 10
13180 10
13190 10
13200 10
13210 10
13220 10
13230 10
13240 10
13250 10
13260 10
13270 10
13280 10
13290 10
13300 10
13310 10
13320 10
13330 10
13340 10
13350 10
13360 10
13370 10
13380 10
13390 10
13400 10
13410 10
13420 10
13430 10
13440 10
13450 10
13460 10
13470 10
13480 10
13490 10
13500 10
13510 10
13520 10
13530 10
13540 10
13550 10
13560 10
13570 10
13580 10
13590 10
13600 10
13610 10
13620 10
13630 10
13640 10
13650 10
13660 10
13670 10
13680 10
13690 10
13700 10
13710 10
13720 10
13730 10
13740 10
13750 10
13760 10
13770 10
13780 10
13790 10
13800 10
13810 10
13820 10
13830 10
13840 10
13850 10
13860 10
13870 10
13880 10
13890 10
13900 10
13910 10
13920 10
13930 10
13940 10
13950 10
13960 10
13970 10
13980 10
13990 10
14000 10
14010 10
14020 10
14030 10
14040 10
14050 10
14060 10
14070 10
14080 10
14090 10
14100 10
14110 10
14120 10
14130 10
14140 10
14150 10
14160 10
14170 10
14180 10
14190 10
14200 10
14210 10
14220 10
14230 10
14240 10
14250 10
14260 10
14270 10
14280 10
14290 10
14300 10
14310 10
14320 10
14330 10
14340 10
14350 10
14360 10
14370 10
14380 10
14390 10
14400 10
14410 10
14420 10
14430 10
14440 10
14450 10
14460 10
14470 10
14480 10
14490 10
14500 10
14510 10
14520 10
14530 10
14540 10
14550 10
14560 10
14570 10
14580 10
14590 10
14600 10
14610 10
14620 10
14630 10
14640 10
14650 10
14660 10
14670 10
14680 10
14690 10
14700 10
14710 10
14720 10
14730 10
14740 10
14750 10
14760 10
14770 10
14780 10
14790 10
14800 10
14810 10
14820 10
14830 10
14840 10
14850 10
14860 10
14870 10
14880 10
14890 10
14900 10
14910 10
14920 10
14930 10
14940 10
14950 10
14960 10
14970 10
14980 10
14990 10
15000 10
15010 10
15020 10
15030 10
15040 10
15050 10
15060 10
15070 10
15080 10
15090 10
15100 10
15110 10
15120 10
15130 10
15140 10
15150 10
15160 10
15170 10
15180 10
15190 10
15200 10
15210 10
15220 10
15230 10
15240 10
15250 10
15260 10
15270 10
15280 10
15290 10
15300 10
15310 10
15320 10
15330 10
15340 10
15350 10
15360 10
15370 10
15380 10
15390 10
15400 10
15410 10
15420 10
15430 10
15440 10
15450 10
15460 10
15470 10
15480 10
15490 10
15500 10
15510 10
15520 10
15530 10
15540 10
15550 10
15560 10
15570 10
15580 10
15590 10
15600 10
15610 10
15620 10
15630 10
15640 10
15650 10
15660 10
15670 10
15680 10
15690 10
15700 10
15710 10
15720 10
15730 10
15740 10
15750 10
15760 10
15770 10
15780 10
15790 10
15800 10
15810 10
15820 10
15830 10
15840 10
15850 10
15860 10
15870 10
15880 10
15890 10
15900 10
15910 10
15920 10
15930 10
15940 10
15950 10
15960 10
15970 10
15980 10
15990 10
16000 10
16010 10
16020 10
16030 10
16040 10
16050 10
16060 10
16070 10
16080 10
16090 10
16100 10
16110 10
16120 10
16130 10
16140 10
16150 10
16160 10
16170 10
16180 10
16190 10
16200 10
16210 10
16220 10
16230 10
16240 10
16250 10
16260 10
16270 10
16280 10
16290 10
16300 10
16310 10
16320 10
16330 10
16340 10
16350 10
16360 10
16370 10
16380 10
16390 10
16400 10
16410 10
16420 10
16430 10
16440 10
16450 10
16460 10
16470 10
16480 10
16490 10
16500 10
16510 10
16520 10
16530 10
16540 10
16550 10
16560 10
16570 10
16580 10
16590 10
16600 10
16610 10
16620 10
16630 10
16640 10
16650 10
16660 10
16670 10
16680 10
16690 10
16700 10
16710 10
16720 10
16730 10
16740 10
16750 10
16760 10
16770 10
16780 10
16790 10
16800 10
16810 10
16820 10
16830 10
16840 10
16850 10
16860 10
16870 10
16880 10
16890 10
16900 10
16910 10
16920 10
16930 10
16940 10
16950 10
16960 10
16970 10
16980 10
16990 10
17000 10
17010 10
17020 10
17030 10
17040 10
17050 10
17060 10
17070 10
17080 10
17090 10
17100 10
17110 10
17120 10
17130 10
17140 10
17150 10
17160 10
17170 10
17180 10
17190 10
17200 10
17210 10
17220 10
17230 10
17240 10
17250 10
17260 10
17270 10
17280 10
17290 10
17300 10
17310 10
17320 10
17330 10
17340 10
17350 10
17360 10
17370 10
17380 10
17390 10
17400 10
17410 10
17420 10
17430 10
17440 10
17450 10
17460 10
17470 10
17480 10
17490 10
17500 10
17510 10
17520 10
17530 10
17540 10
17550 10
17560 10
17570 10
17580 10
17590 10
17600 10
17610 10
17620 10
17630 10
17640 10
17650 10
17660 10
17670 10
17680 10
17690 10
17700 10
17710 10
17720 10
17730 10
17740 10
17750 10
17760 10
17770 10
17780 10
17790 10
17800 10
17810 10
17820 10
17830 10
17840 10
17850 10
17860 10
17870 10
17880 10
17890 10
17900 10
17910 10
17920 10
17930 10
17940 10
17950 10
17960 10
17970 10
17980 10
17990 10
18000 10
18010 10
18020 10
18030 10
18040 10
18050 10
18060 10
18070 10
18080 10
18090 10
18100 10
18110 10
18120 10
18130 10
18140 10
18150 10
18160 10
18170 10
18180 10
18190 10
18200 10
18210 10
18220 10
18230 10
18240 10
18250 10
18260 10
18270 10
18280 10
18290 10
18300 10
18310 10
18320 10
18330 10
18340 10
18350 10
18360 10
18370 10
18380 10
18390 10
18400 10
18410 10
18420 10
18430 10
18440 10
18450 10
18460 10
18470 10
18480 10
18490 10
18500 10
18510 10
18520 10
18530 10
18540 10
18550 10
18560 10
18570 10
18580 10
18590 10
18600 10
18610 10
18620 10
18630 10
18640 10
18650 10
18660 10
18670 10
18680 10
18690 10
18700 10
18710 10
18720 10
18730 10
18740 10
18750 10
18760 10
18770 10
18780 10
18790 10
18800 10
18810 10
18820 10
18830 10
18840 10
18850 10
18860 10
18870 10
18880 10
18890 10
18900 10
18910 10
18920 10
18930 10
18940 10
18950 10
18960 10
18970 10
18980 10
18990 10
19000 10
19010 10
19020 10
19030 10
19040 10
19050 10
19060 10
19070 10
19080 10
19090 10
19100 10
19110 10
19120 10
19130 10
19140 10
19150 10
19160 10
19170 10
19180 10
19190 10
19200 10
19210 10
19220 10
19230 10
19240 10
19250 10
19260 10
19270 10
19280 10
19290 10
19300 10
19310 10
19320 10
19330 10
19340 10
19350 10
19360 10
19370 10
19380 10
19390 10
19400 10
19410 10
19420 10
19430 10
19440 10
19450 10
19460 10
19470 10
19480 10
19490 10
19500 10
19510 10
19520 10
19530 10
19540 10
19550 10
19560 10
19570 10
19580 10
19590 10
19600 10
19610 10
19620 10
19630 10
19640 10
19650 10
19660 10
19670 10
19680 10
19690 10
19700 10
19710 10
19720 10
19730 10
19740 10
19750 10
19760 10
19770 10
19780 10
19790 10
19800 10
19810 10
19820 10
19830 10
19840 10
19850 10
19860 10
19870 10
19880 10
19890 10
19900 10
19910 10
19920 10
19930 10
19940 10
19950 10
19960 10
19970 10
19980 10
19990 10
20000 10
20010 10
20020 10
20030 10
20040 10
20050 10
20060 10
20070 10
20080 10
20090 10
20100 10
20110 10
20120 10
20130 10
20140 10
20150 10
20160 10
20170 10
20180 10
20190 10
20200 10
20210 10
20220 10
20230 10
20240 10
20250 10
20260 10
20270 10
20280 10
20290 10
20300 10
20310 10
20320 10
20330 10
20340 10
20350 10
20360 10
20370 10
20380 10
20390 10
20400 10
20410 10
20420 10
20430 10
20440 10
20450 10
20460 10
20470 10
20480 10
20490 10
20500 10
20510 10
20520 10
20530 10
20540 10
20550 10
20560 10
20570 10
20580 10
20590 10
20600 10
20610 10
20620 10
20630 10
20640 10
20650 10
20660 10
20670 10
20680 10
20690 10
20700 10
20710 10
20720 10
20730 10
20740 10
20750 10
20760 10
20770 10
20780 10
20790 10
20800 10
20810 10
20820 10
20830 10
20840 10
20850 10
20860 10
20870 10
20880 10
20890 10
20900 10
20910 10
20920 10
20930 10
20940 10
20950 10
20960 10
20970 10
20980 10
20990 10
21000 10
21010 10
21020 10
21030 10
21040 10
21050 10
21060 10
21070 10
21080 10
21090 10
21100 10
21110 10
21120 10
21130 10
21140 10
21150 10
21160 10
21170 10
21180 10
21190 10
21200 10
21210 10
21220 10
21230 10
21240 10
21250 10
21260 10
21270 10
21280 10
21290 10
21300 10
21310 10
21320 10
21330 10
21340 10
21350 10
21360 10
21370 10
21380 10
21390 10
21400 10
21410 10
21420 10
21430 10
21440 10
21450 10
21460 10
21470 10
21480 10
21490 10
21500 10
21510 10
21520 10
21530 10
21540 10
21550 10
21560 10
21570 10
21580 10
21590 10
21600 10
21610 10
21620 10
21630 10
21640 10
21650 10
21660 10
21670 10
21680 10
21690 10
21700 10
21710 10
21720 10
21730 10
21740 10
21750 10
21760 10
21770 10
21780 10
21790 10
21800 10
21810 10
21820 10
21830 10
21840 10
21850 10
21860 10
21870 10
21880 10
21890 10
21900 10
21910 10
21920 10
21930 10
21940 10
21950 10
21960 10
21970 10
21980 10
21990 10
22000 10
22010 10
22020 10
22030 10
22040 10
22050 10
22060 10
22070 10
22080 10
22090 10
22100 10
22110 10
22120 10
22130 10
22140 10
22150 10
22160 10
22170 10
22180 10
22190 10
22200 10
22210 10
22220 10
22230 10
22240 10
22250 10
22260 10
22270 10
22280 10
22290 10
22300 10
22310 10
22320 10
22330 10
22340 10
22350 10
22360 10
22370 10
22380 10
22390 10
22400 10
22410 10
22420 10
22430 10
22440 10
22450 10
22460 10
22470 10
22480 10
22490 10
22500 10
22510 10
22520 10
22530 10
22540 10
22550 10
22560 10
22570 10
22580 10
22590 10
22600 10
22610 10
22620 10
22630 10
22640 10
22650 10
22660 10
22670 10
22680 10
22690 10
22700 10
22710 10
22720 10
22730 10
22740 10
22750 10
22760 10
22770 10
22780 10
22790 10
22800 10
22810 10
22820 10
22830 10
22840 10
22850 10
22860 10
22870 10
22880 10
22890 10
22900 10
22910 10
22920 10
22930 10
22940 10
22950 10
22960 10
22970 10
22980 10
22990 10
23000 10
23010 10
23020 10
23030 10
23040 10
23050 10
23060 10
23070 10
23080 10
23090 10
23100 10
23110 10
23120 10
23130 10
23140 10
23150 10
23160 10
23170 10
23180 10
23190 10
23200 10
23210 10
23220 10
23230 10
23240 10
23250 10
23260 10
23270 10
23280 10
23290 10
23300 10
23310 10
23320 10
23330 10
23340 10
23350 10
23360 10
23370 10
23380 10
23390 10
23400 10
23410 10
23420 10
23430 10
23440 10
23450 10
23460 10
23470 10
23480 10
23490 10
23500 10
23510 10
23520 10
23530 10
23540 10
23550 10
23560 10
23570 10
23580 10
23590 10
23600 10
23610 10
23620 10
23630 10
23640 10
23650 10
23660 10
23670 10
23680 10
23690 10
23700 10
23710 10
23720 10
23730 10
23740 10
23750 10
23760 10
23770 10
23780 10
23790 10
23800 10
23810 10
23820 10
23830 10
23840 10
23850 10
23860 10
23870 10
23880 10
23890 10
23900 10
23910 10
23920 10
23930 10
23940 10
23950 10
23960 10
23970 10
23980 10
23990 10
24000 10
24010 10
24020 10
24030 10
24040 10
24050 10
24060 10
24070 10
24080 10
24090 10
24100 10
24110 10
24120 10
24130 10
24140 10
24150 10
24160 10
24170 10
24180 10
24190 10
24200 10
24210 10
24220 10
24230 10
24240 10
24250 10
24260 10
24270 10
24280 10
24290 10
24300 10
24310 10
24320 10
24330 10
24340 10
24350 10
24360 10
24370 10
24380 10
24390 10
24400 10
24410 10
24420 10
24430 10
24440 10
24450 10
24460 10
24470 10
24480 10
24490 10
24500 10
24510 10
24520 10
24530 10
24540 10
24550 10
24560 10
24570 10
24580 10
24590 10
24600 10
24610 10
24620 10
24630 10
24640 10
24650 10
24660 10
24670 10
24680 10
24690 10
24700 10
24710 10
24720 10
24730 10
24740 10
24750 10
24760 10
24770 10
24780 10
24790 10
24800 10
24810 10
24820 10
24830 10
24840 10
24850 10
24860 10
24870 10
24880 10
24890 10
24900 10
24910 10
24920 10
24930 10
24940 10
24950 10
24960 10
24970 10
24980 10
24990 10
25000 10
25010 10
25020 10
25030 10
25040 10
25050 10
25060 10
25070 10
25080 10
25090 10
25100 10
25110 10
25120 10
25130 10
25140 10
25150 10
25160 10
25170 10
25180 10
25190 10
25200 10
25210 10
25220 10
25230 10
25240 10
25250 10
25260 10
25270 10
25280 10
25290 10
25300 10
25310 10
25320 10
25330 10
25340 10
25350 10
25360 10
25370 10
25380 10
25390 10
25400 10
25410 10
25420 10
25430 10
25440 10
25450 10
25460 10
25470 10
25480 10
25490 10
25500 10
25510 10
25520 10
25530 10
25540 10
25550 10
25560 10
25570 10
25580 10
25590 10
25600 10
25610 10
25620 10
25630 10
25640 10
25650 10
25660 10
25670 10
25680 10
25690 10
25700 10
25710 10
25720 10
25730 10
25740 10
25750 10
25760 10
25770 10
25780 10
25790 10
25800 10
25810 10
25820 10
25830 10
25840 10
25850 10
25860 10
25870 10
25880 10
25890 10
25900 10
25910 10
25920 10
25930 10
25940 10
25950 10
25960 10
25970 10
25980 10
25990 10
26000 10
26010 10
26020 10
26030 10
26040 10
26050 10
26060 10
26070 10
26080 10
26090 10
26100 10
26110 10
26120 10
26130 10
26140 10
26150 10
26160 10
26170 10
26180 10
26190 10
26200 10
26210 10
26220 10
26230 10
26240 10
26250 10
26260 10
26270 10
26280 10
26290 10
26300 10
26310 10
26320 10
26330 10
26340 10
26350 10
26360 10
26370 10
26380 10
26390 10
26400 10
26410 10
26420 10
26430 10
26440 10
26450 10
26460 10
26470 10
26480 10
26490 10
26500 10
26510 10
26520 10
26530 10
26540 10
26550 10
26560 10
26570 10
26580 10
26590 10
26600 10
26610 10
26620 10
26630 10
26640 10
26650 10
26660 10
26670 10
26680 10
26690 10
26700 10
26710 10
26720 10
26730 10
26740 10
26750 10
26760 10
26770 10
26780 10
26790 10
26800 10
26810 10
26820 10
26830 10
26840 10
26850 10
26860 10
26870 10
26880 10
26890 10
26900 10
26910 10
26920 10
26930 10
26940 10
26950 10
26960 10
26970 10
26980 10
26990 10
27000 10
27010 10
27020 10
27030 10
27040 10
27050 10
27060 10
27070 10
27080 10
27090 10
27100 10
27110 10
27120 10
27130 10
27140 10
27150 10
27160 10
27170 10
27180 10
27190 10
27200 10
27210 10
27220 10
27230 10
27240 10
27250 10
27260 10
27270 10
27280 10
27290 10
27300 10
27310 10
27320 10
27330 10
27340 10
27350 10
27360 10
27370 10
27380 10
27390 10
27400 10
27410 10
27420 10
27430 10
27440 10
27450 10
27460 10
27470 10
27480 10
27490 10
27500 10
27510 10
27520 10
27530 10
27540 10
27550 10
27560 10
27570 10
27580 10
27590 10
27600 10
27610 10
27620 10
27630 10
27640 10
27650 10
27660 10
27670 10
27680 10
27690 10
27700 10
27710 10
27720 10
27730 10
27740 10
27750 10
27760 10
27770 10
27780 10
27790 10
27800 10
27810 10
27820 10
27830 10
27840 10
27850 10
27860 10
27870 10
27880 10
27890 10
27900 10
27910 10
27920 10
27930 10
27940 10
27950 10
27960 10
27970 10
27980 10
27990 10
28000 10
28010 10
28020 10
28030 10
28040 10
28050 10
28060 10
28070 10
28080 10
28090 10
28100 10
28110 10
28120 10
28130 10
28140 10
28150 10
28160 10
28170 10
28180 10
28190 10
28200 10
28210 10
28220 10
28230 10
28240 10
28250 10
28260 10
28270 10
28280 10
28290 10
28300 10
28310 10
28320 10
28330 10
28340 10
28350 10
28360 10
28370 10
28380 10
28390 10
28400 10
28410 10
28420 10
28430 10
28440 10
28450 10
28460 10
28470 10
28480 10
28490 10
28500 10
28510 10
28520 10
28530 10
28540 10
28550 10
28560 10
28570 10
28580 10
28590 10
28600 10
28610 10
28620 10
28630 10
28640 10
28650 10
28660 10
28670 10
28680 10
28690 10
28700 10
28710 10
28720 10
28730 10
28740 10
28750 10
28760 10
28770 10
28780 10
28790 10
28800 10
28810 10
28820 10
28830 10
28840 10
28850 10
28860 10
28870 10
28880 10
28890 10
28900 10
28910 10
28920 10
28930 10
28940 10
28950 10
28960 10
28970 10
28980 10
28990 10
29000 10
29010 10
29020 10
29030 10
29040 10
29050 10
29060 10
29070 10
29080 10
29090 10
29100 10
29110 10
29120 10
29130 10
29140 10
29150 10
29160 10
29170 10
29180 10
29190 10
29200 10
29210 10
29220 10
29230 10
29240 10
29250 10
29260 10
29270 10
29280 10
29290 10
29300 10
29310 10
29320 10
29330 10
29340 10
29350 10
29360 10
29370 10
29380 10
29390 10
29400 10
29410 10
29420 10
29430 10
29440 10
29450 10
29460 10
29470 10
29480 10
29490 10
29500 10
29510 10
29520 10
29530 10
29540 10
29550 10
29560 10
29570 10
29580 10
29590 10
29600 10
29610 10
29620 10
29630 10
29640 10
29650 10
29660 10
29670 10
29680 10
29690 10
29700 10
29710 10
29720 10
29730 10
29740 10
29750 10
29760 10
29770 10
29780 10
29790 10
29800 10
29810 10
29820 10
29830 10
29840 10
29850 10
29860 10
29870 10
29880 10
29890 10
29900 10
29910 10
29920 10
29930 10
29940 10
29950 10
29960 10
29970 10
29980 10
29990 10
30000 10
30010 10
30020 10
30030 10
30040 10
30050 10
30060 10
30070 10
30080 10
30090 10
30100 10
30110 10
30120 10
30130 10
30140 10
30150 10
30160 10
30170 10
30180 10
30190 10
30200 10
30210 10
30220 10
30230 10
30240 10
30250 10
30260 10
30270 10
30280 10
30290 10
30300 10
30310 10
30320 10
30330 10
30340 10
30350 10
30360 10
30370 10
30380 10
30390 10
30400 10
30410 10
30420 10
30430 10
30440 10
30450 10
30460 10
30470 10
30480 10
30490 10
30500 10
30510 10
30520 10
30530 10
30540 10
30550 10
30560 10
30570 10
30580 10
30590 10
30600 10
30610 10
30620 10
30630 10
30640 10
30650 10
30660 10
30670 10
30680 10
30690 10
30700 10
30710 10
30720 10
30730 10
30740 10
30750 10
30760 10
30770 10
30780 10
30790 10
30800 10
30810 10
30820 10
30830 10
30840 10
30850 10
30860 10
30870 10
30880 10
30890 10
30900 10
30910 10
30920 10
30930 10
30940 10
30950 10
30960 10
30970 10
30980 10
30990 10
31000 10
31010 10
31020 10
31030 10
31040 10
31050 10
31060 10
31070 10
31080 10
31090 10
31100 10
31110 10
31120 10
31130 10
31140 10
31150 10
31160 10
31170 10
31180 10
31190 10
31200 10
31210 10
31220 10
31230 10
31240 10
31250 10
31260 10
31270 10
31280 10
31290 10
31300 10
31310 10
31320 10
31330 10
31340 10
31350 10
31360 10
31370 10
31380 10
31390 10
31400 10
31410 10
31420 10
31430 10
31440 10
31450 10
31460 10
31470 10
31480 10
31490 10
31500 10
31510 10
31520 10
31530 10
31540 10
31550 10
31560 10
31570 10
31580 10
31590 10
31600 10
31610 10
31620 10
31630 10
31640 10
31650 10
31660 10
31670 10
31680 10
31690 10
31700 10
31710 10
31720 10
31730 10
31740 10
31750 10
31760 10
31770 10
31780 10
31790 10
31800 10
31810 10
31820 10
31830 10
31840 10
31850 10
31860 10
31870 10
31880 10
31890 10
31900 10
31910 10
31920 10
31930 10
31940 10
31950 10
31960 10
31970 10
31980 10
31990 10
32000 10
32010 10
32020 10
32030 10
32040 10
32050 10
32060 10
32070 10
32080 10
32090 10
32100 10
32110 10
32120 10
32130 10
32140 10
32150 10
32160 10
32170 10
32180 10
32190 10
32200 10
32210 10
32220 10
32230 10
32240 10
32250 10
32260 10
32270 10
32280 10
32290 10
32300 10
32310 10
32320 10
32330 10
32340 10
32350 10
32360 10
32370 10
32380 10
32390 10
32400 10
32410 10
32420 10
32430 10
32440 10
32450 10
32460 10
32470 10
32480 10
32490 10
32500 10
32510 10
32520 10
32530 10
32540 10
32550 10
32560 10
32570 10
32580 10
32590 10
32600 10
32610 10
32620 10
32630 10
32640 10
32650 10
32660 10
32670 10
32680 10
32690 10
32700 10
32710 10
32720 10
32730 10
32740 10
32750 10
32760 10
32770 10
32780 10
32790 10
32800 10
32810 10
32820 10
32830 10
32840 10
32850 10
32860 10
32870 10
32880 10
32890 10
32900 10
32910 10
32920 10
32930 10
32940 10
32950 10
32960 10
32970 10
32980 10
32990 10
33000 10
33010 10
33020 10
33030 10
33040 10
33050 10
33060 10
33070 10
33080 10
33090 10
33100 10
33110 10
33120 10
33130 10
33140 10
33150 10
33160 10
33170 10
33180 10
33190 10
33200 10
33210 10
33220 10
33230 10
33240 10
33250 10
33260 10
33270 10
33280 10
33290 10
33300 10
33310 10
33320 10
33330 10
33340 10
33350 10
33360 10
33370 10
33380 10
33390 10
33400 10
33410 10
33420 10
33430 10
33440 10
33450 10
33460 10
33470 10
33480 10
33490 10
33500 10
33510 10
33520 10
33530 10
33540 10
33550 10
33560 10
33570 10
33580 10
33590 10
33600 10
33610 10
33620 10
33630 10
33640 10
33650 10
33660 10
33670 10
33680 10
33690 10
33700 10
33710 10
33720 10
33730 10
33740 10
33750 10
33760 10
33770 10
33780 10
33790 10
33800 10
33810 10
33820 10
33830 10
33840 10
33850 10
33860 10
33870 10
33880 10
33890 10
33900 10
33910 10
33920 10
33930 10
33940 10
33950 10
33960 10
33970 10
33980 10
33990 10
34000 10
34010 10
34020 10
34030 10
34040 10
34050 10
34060 10
34070 10
34080 10
34090 10
34100 10
34110 10
34120 10
34130 10
34140 10
34150 10
34160 10
34170 10
34180 10
34190 10
34200 10
34210 10
34220 10
34230 10
34240 10
34250 10
34260 10
34270 10
34280 10
34290 10
34300 10
34310 10
34320 10
34330 10
34340 10
34350 10
34360 10
34370 10
34380 10
34390 10
34400 10
34410 10
34420 10
34430 10
34440 10
34450 10
34460 10
34470 10
34480 10
34490 10
34500 10
34510 10
34520 10
34530 10
34540 10
34550 10
34560 10
34570 10
34580 10
34590 10
34600 10
34610 10
34620 10
34630 10
34640 10
34650 10
34660 10
34670 10
34680 10
34690 10
34700 10
34710 10
34720 10
34730 10
34740 10
34750 10
34760 10
34770 10
34780 10
34790 10
34800 10
34810 10
34820 10
34830 10
34840 10
34850 10
34860 10
34870 10
34880 10
34890 10
34900 10
34910 10
34920 10
34930 10
34940 10
34950 10
34960 10
34970 10
34980 10
34990 10
35000 10
35010 10
35020 10
35030 10
35040 10
35050 10
35060 10
35070 10
35080 10
35090 10
35100 10
35110 10
35120 10
35130 10
35140 10
35150 10
35160 10
35170 10
35180 10
35190 10
35200 10
35210 10
35220 10
35230 10
35240 10
35250 10
35260 10
35270 10
35280 10
35290 10
35300 10
35310 10
35320 10
35330 10
35340 10
35350 10
35360 10
35370 10
35380 10
35390 10
35400 10
35410 10
35420 10
35430 10
35440 10
35450 10
35460 10
35470 10
35480 10
35490 10
35500 10
35510 10
35520 10
35530 10
35540 10
35550 10
35560 10
35570 10
35580 10
35590 10
35600 10
35610 10
35620 10
35630 10
35640 10
35650 10
35660 10
35670 10
35680 10
35690 10
35700 10
35710 10
35720 10
35730 10
35740 10
35750 10
35760 10
35770 10
35780 10
35790 10
35800 10
35810 10
35820 10
35830 10
35840 10
35850 10
35860 10
35870 10
35880 10
35890 10
35900 10
35910 10
35920 10
35930 10
35940 10
35950 10
35960 10
35970 10
35980 10
35990 10
36000 10
36010 10
36020 10
36030 10
36040 10
36050 10
36060 10
36070 10
36080 10
36090 10
36100 10
36110 10
36120 10
36130 10
36140 10
36150 10
36160 10
36170 10
36180 10
36190 10
36200 10
36210 10
36220 10
36230 10
36240 10
36250 10
36260 10
36270 10
36280 10
36290 10
36300 10
36310 10
36320 10
36330 10
36340 10
36350 10
36360 10
36370 10
36380 10
36390 10
36400 10
36410 10
36420 10
36430 10
36440 10
36450 10
36460 10
36470 10
36480 10
36490 10
36500 10
36510 10
36520 10
36530 10
36540 10
36550 10
36560 10
36570 10
36580 10
36590 10
36600 10
36610 10
36620 10
36630 10
36640 10
36650 10
36660 10
36670 10
36680 10
36690 10
36700 10
36710 10
36720 10
36730 10
36740 10
36750 10
36760 10
36770 10
36780 10
36790 10
36800 10
36810 10
36820 10
36830 10
36840 10
36850 10
36860 10
36870 10
36880 10
36890 10
36900 10
36910 10
36920 10
36930 10
36940 10
36950 10
36960 10
36970 10
36980 10
36990 10
37000 10
37010 10
37020 10
37030 10
37040 10
37050 10
37060 10
37070 10
37080 10
37090 10
37100 10
37110 10
37120 10
37130 10
37140 10
37150 10
37160 10
37170 10
37180 10
37190 10
37200 10
37210 10
37220 10
37230 10
37240 10
37250 10
37260 10
37270 10
37280 10
37290 10
37300 10
37310 10
37320 10
37330 10
37340 10
37350 10
37360 10
37370 10
37380 10
37390 10
37400 10
37410 10
37420 10
37430 10
37440 10
37450 10
37460 10
37470 10
37480 10
37490 10
37500 10
37510 10
37520 10
37530 10
37540 10
37550 10
37560 10
37570 10
37580 10
37590 10
37600 10
37610 10
37620 10
37630 10
37640 10
37650 10
37660 10
37670 10
37680 10
37690 10
37700 10
37710 10
37720 10
37730 10
37740 10
37750 10
37760 10
37770 10
37780 10
37790 10
37800 10
37810 10
37820 10
37830 10
37840 10
37850 10
37860 10
37870 10
37880 10
37890 10
37900 10
37910 10
37920 10
37930 10
37940 10
37950 10
37960 10
37970 10
37980 10
37990 10
38000 10
38010 10
38020 10
38030 10
38040 10
38050 10
38060 10
38070 10
38080 10
38090 10
38100 10
38110 10
38120 10
38130 10
38140 10
38150 10
38160 10
38170 10
38180 10
38190 10
38200 10
38210 10
38220 10
38230 10
38240 10
38250 10
38260 10
38270 10
38280 10
38290 10
38300 10
38310 10
38320 10
38330 10
38340 10
38350 10
38360 10
38370 10
38380 10
38390 10
38400 10
38410 10
38420 10
38430 10
38440 10
38450 10
38460 10
38470 10
38480 10
38490 10
38500 10
38510 10
38520 10
38530 10
38540 10
38550 10
38560 10
38570 10
38580 10
38590 10
38600 10
38610 10
38620 10
38630 10
38640 10
38650 10
38660 10
38670 10
38680 10
38690 10
38700 10
38710 10
38720 10
38730 10
38740 10
38750 10
38760 10
38770 10
38780 10
38790 10
38800 10
38810 10
38820 10
38830 10
38840 10
38850 10
38860 10
38870 10
38880 10
38890 10
38900 10
38910 10
38920 10
38930 10
38940 10
38950 10
38960 10
38970 10
38980 10
38990 10
39000 10
39010 10
39020 10
39030 10
39040 10
39050 10
39060 10
39070 10
39080 10
39090 10
39100 10
39110 10
39120 10
39130 10
39140 10
39150 10
39160 10
39170 10
39180 10
39190 10
39200 10
39210 10
39220 10
39230 10
39240 10
39250 10
39260 10
39270 10
39280 10
39290 10
39300 10
39310 10
39320 10
39330 10
39340 10
39350 10
39360 10
39370 10
39380 10
39390 10
39400 10
39410 10
39420 10
39430 10
39440 10
39450 10
39460 10
39470 10
39480 10
39490 10
39500 10
39510 10
39520 10
39530 10
39540 10
39550 10
39560 10
39570 10
39580 10
39590 10
39600 10
39610 10
39620 10
39630 10
39640 10
39650 10
39660 10
39670 10
39680 10
39690 10
39700 10
39710 10
39720 10
39730 10
39740 10
39750 10
39760 10
39770 10
39780 10
39790 10
39800 10
39810 10
39820 10
39830 10
39840 10
39850 10
39860 10
39870 10
39880 10
39890 10
39900 10
39910 10
39920 10
39930 10
39940 10
39950 10
39960 10
39970 10
39980 10
39990 10
40000 10
40010 10
40020 10
40030 10
40040 10
40050 10
40060 10
40070 10
40080 10
40090 10
40100 10
40110 10
40120 10
40130 10
40140 10
40150 10
40160 10
40170 10
40180 10
40190 10
40200 10
40210 10
40220 10
40230 10
40240 10
40250 10
40260 10
40270 10
40280 10
40290 10
40300 10
40310 10
40320 10
40330 10
40340 10
40350 10
40360 10
40370 10
40380 10
40390 10
40400 10
40410 10
40420 10
40430 10
40440 10
40450 10
40460 10
40470 10
40480 10
40490 10
40500 10
40510 10
40520 10
40530 10
40540 10
40550 10
40560 10
40570 10
40580 10
40590 10
40600 10
40610 10
40620 10
40630 10
40640 10
40650 10
40660 10
40670 10
40680 10
40690 10
40700 10
40710 10
40720 10
40730 10
40740 10
40750 10
40760 10
40770 10
40780 10
40790 10
40800 10
40810 10
40820 10
40830 10
40840 10
40850 10
40860 10
40870 10
40880 10
40890 10
40900 10
40910 10
40920 10
40930 10
40940 10
40950 10
40960 10
40970 10
40980 10
40990 10
41000 10
41010 10
41020 10
41030 10
41040 10
41050 10
41060 10
41070 10
41080 10
41090 10
41100 10
41110 10
41120 10
41130 10
41140 10
41150 10
41160 10
41170 10
41180 10
41190 10
41200 10
41210 10
41220 10
41230 10
41240 10
41250 10
41260 10
41270 10
41280 10
41290 10
41300 10
41310 10
41320 10
41330 10
41340 10
41350 10
41360 10
41370 10
41380 10
41390 10
41400 10
41410 10
41420 10
41430 10
41440 10
41450 10
41460 10
41470 10
41480 10
41490 10
41500 10
41510 10
41520 10
41530 10
41540 10
41550 10
41560 10
41570 10
41580 10
41590 10
41600 10
41610 10
41620 10
41630 10
41640 10
41650 10
41660 10
41670 10
41680 10
41690 10
41700 10
41710 10
41720 10
41730 10
41740 10
41750 10
41760 10
41770 10
41780 10
41790 10
41800 10
41810 10
41820 10
41830 10
41840 10
41850 10
41860 10
41870 10
41880 10
41890 10
41900 10
41910 10
41920 10
41930 10
41940 10
41950 10
41960 10
41970 10
41980 10
41990 10
42000 10
42010 10
42020 10
42030 10
42040 10
42050 10
42060 10
42070 10
42080 10
42090 10
42100 10
42110 10
42120 10
42130 10
42140 10
42150 10
42160 10
42170 10
42180 10
42190 10
42200 10
42210 10
42220 10
42230 10
42240 10
42250 10
42260 10
42270 10
42280 10
42290 10
42300 10
42310 10
42320 10
42330 10
42340 10
42350 10
42360 10
42370 10
42380 10
42390 10
42400 10
42410 10
42420 10
42430 10
42440 10
42450 10
42460 10
42470 10
42480 10
42490 10
42500 10
42510 10
42520 10
42530 10
42540 10
42550 10
42560 10
42570 10
42580 10
42590 10
42600 10
42610 10
42620 10
42630 10
42640 10
42650 10
42660 10
42670 10
42680 10
42690 10
42700 10
42710 10
42720 10
42730 10
42740 10
42750 10
42760 10
42770 10
42780 10
42790 10
42800 10
42810 10
42820 10
42830 10
42840 10
42850 10
42860 10
42870 10
42880 10
42890 10
42900 10
42910 10
42920 10
42930 10
42940 10
42950 10
42960 10
42970 10
42980 10
42990 10
43000 10
43010 10
43020 10
43030 10
43040 10
43050 10
43060 10
43070 10
43080 10
43090 10
43100 10
43110 10
43120 10
43130 10
43140 10
43150 10
43160 10
43170 10
43180 10
43190 10
43200 10
43210 10
43220 10
43230 10
43240 10
43250 10
43260 10
43270 10
43280 10
43290 10
43300 10
43310 10
43320 10
43330 10
43340 10
43350 10
43360 10
43370 10
43380 10
43390 10
43400 10
43410 10
43420 10
43430 10
43440 10
43450 10
43460 10
43470 10
43480 10
43490 10
43500 10
43510 10
43520 10
43530 10
43540 10
43550 10
43560 10
43570 10
43580 10
43590 10
43600 10
43610 10
43620 10
43630 10
43640 10
43650 10
43660 10
43670 10
43680 10
43690 10
43700 10
43710 10
43720 10
43730 10
43740 10
43750 10
43760 10
43770 10
43780 10
43790 10
43800 10
43810 10
43820 10
43830 10
43840 10
43850 10
43860 10
43870 10
43880 10
43890 10
43900 10
43910 10
43920 10
43930 10
43940 10
43950 10
43960 10
43970 10
43980 10
43990 10
44000 10
44010 10
44020 10
44030 10
44040 10
44050 10
44060 10
44070 10
44080 10
44090 10
44100 10
44110 10
44120 10
44130 10
44140 10
44150 10
44160 10
44170 10
44180 10
44190 10
44200 10
44210 10
44220 10
44230 10
44240 10
44250 10
44260 10
44270 10
44280 10
44290 10
44300 10
44310 10
44320 10
44330 10
44340 10
44350 10
44360 10
44370 10
44380 10
44390 10
44400 10
44410 10
44420 10
44430 10
44440 10
44450 10
44460 10
44470 10
44480 10
44490 10
44500 10
44510 10
44520 10
44530 10
44540 10
44550 10
44560 10
44570 10
44580 10
44590 10
44600 10
44610 10
44620 10
44630 10
44640 10
44650 10
44660 10
44670 10
44680 10
44690 10
44700 10
44710 10
44720 10
44730 10
44740 10
44750 10
44760 10
44770 10
44780 10
44790 10
44800 10
44810 10
44820 10
44830 10
44840 10
44850 10
44860 10
44870 10
44880 10
44890 10
44900 10
44910 10
44920 10
44930 10
44940 10
44950 10
44960 10
44970 10
44980 10
44990 10
45000 10
45010 10
45020 10
45030 10
45040 10
45050 10
45060 10
45070 10
45080 10
45090 10
45100 10
45110 10
45120 10
45130 10
45140 10
45150 10
45160 10
45170 10
45180 10
45190 10
45200 10
45210 10
45220 10
45230 10
45240 10
45250 10
45260 10
45270 10
45280 10
45290 10
45300 10
45310 10
45320 10
45330 10
45340 10
45350 10
45360 10
45370 10
45380 10
45390 10
45400 10
45410 10
45420 10
45430 10
45440 10
45450 10
45460 10
45470 10
45480 10
45490 10
45500 10
45510 10
45520 10
45530 10
45540 10
45550 10
45560 10
45570 10
45580 10
45590 10
45600 10
45610 10
45620 10
45630 10
45640 10
45650 10
45660 10
45670 10
45680 10
45690 10
45700 10
45710 10
45720 10
45730 10
45740 10
45750 10
45760 10
45770 10
45780 10
45790 10
45800 10
45810 10
45820 10
45830 10
45840 10
45850 10
45860 10
45870 10
45880 10
45890 10
45900 10
45910 10
45920 10
45930 10
45940 10
45950 10
45960 10
45970 10
45980 10
45990 10
46000 10
46010 10
46020 10
46030 10
46040 10
46050 10
46060 10
46070 10
46080 10
46090 10
46100 10
46110 10
46120 10
46130 10
46140 10
46150 10
46160 10
46170 10
46180 10
46190 10
46200 10
46210 10
46220 10
46230 10
46240 10
46250 10
46260 10
46270 10
46280 10
46290 10
46300 10
46310 10
46320 10
46330 10
46340 10
46350 10
46360 10
46370 10
46380 10
46390 10
46400 10
46410 10
46420 10
46430 10
46440 10
46450 10
46460 10
46470 10
46480 10
46490 10
46500 10
46510 10
46520 10
46530 10
46540 10
46550 10
46560 10
46570 10
46580 10
46590 10
46600 10
46610 10
46620 10
46630 10
46640 10
46650 10
46660 10
46670 10
46680 10
46690 10
46700 10
46710 10
46720 10
46730 10
46740 10
46750 10
46760 10
46770 10
46780 10
46790 10
46800 10
46810 10
46820 10
46830 10
46840 10
46850 10
46860 10
46870 10
46880 10
46890 10
46900 10
46910 10
46920 10
46930 10
46940 10
46950 10
46960 10
46970 10
46980 10
46990 10
47000 10
47010 10
47020 10
47030 10
47040 10
47050 10
47060 10
47070 10
47080 10
47090 10
47100 10
47110 10
47120 10
47130 10
47140 10
47150 10
47160 10
47170 10
47180 10
47190 10
47200 10
47210 10
47220 10
47230 10
47240 10
47250 10
47260 10
47270 10
47280 10
47290 10
47300 10
47310 10
47320 10
47330 10
47340 10
47350 10
47360 10
47370 10
47380 10
47390 10
47400 10
47410 10
47420 10
47430 10
47440 10
47450 10
47460 10
47470 10
47480 10
47490 10
47500 10
47510 10
47520 10
47530 10
47540 10
47550 10
47560 10
47570 10
47580 10
47590 10
47600 10
47610 10
47620 10
47630 10
47640 10
47650 10
47660 10
47670 10
47680 10
47690 10
47700 10
47710 10
47720 10
47730 10
47740 10
47750 10
47760 10
47770 10
47780 10
47790 10
47800 10
47810 10
47820 10
47830 10
47840 10
47850 10
47860 10
47870 10
47880 10
47890 10
47900 10
47910 10
47920 10
47930 10
47940 10
47950 10
47960 10
47970 10
47980 10
47990 10
48000 10
48010 10
48020 10
48030 10
48040 10
48050 10
48060 10
48070 10
48080 10
48090 10
48100 10
48110 10
48120 10
48130 10
48140 10
48150 10
48160 10
48170 10
48180 10
48190 10
48200 10
48210 10
48220 10
48230 10
48240 10
48250 10
48260 10
48270 10
48280 10
48290 10
48300 10
48310 10
48320 10
48330 10
48340 10
48350 10
48360 10
48370 10
48380 10
48390 10
48400 10
48410 10
48420 10
48430 10
48440 10
48450 10
48460 10
48470 10
48480 10
48490 10
48500 10
48510 10
48520 10
48530 10
48540 10
48550 10
48560 10
48570 10
48580 10
48590 10
48600 10
48610 10
48620 10
48630 10
48640 10
48650 10
48660 10
48670 10
48680 10
48690 10
48700 10
48710 10
48720 10
48730 10
48740 10
48750 10
48760 10
48770 10
48780 10
48790 10
48800 10
48810 10
48820 10
48830 10
48840 10
48850 10
48860 10
48870 10
48880 10
48890 10
48900 10
48910 10
48920 10
48930 10
48940 10
48950 10
48960 10
48970 10
48980 10
48990 10
49000 10
49010 10
49020 10
49030 10
49040 10
49050 10
49060 10
49070 10
49080 10
49090 10
49100 10
49110 10
49120 10
49130 10
49140 10
49150 10
49160 10
49170 10
49180 10
49190 10
49200 10
49210 10
49220 10
49230 10
49240 10
49250 10
49260 10
49270 10
49280 10
49290 10
49300 10
49310 10
49320 10
49330 10
49340 10
49350 10
49360 10
49370 10
49380 10
49390 10
49400 10
49410 10
49420 10
49430 10
49440 10
49450 10
49460 10
49470 10
49480 10
49490 10
49500 10
49510 10
49520 10
49530 10
49540 10
49550 10
49560 10
49570 10
49580 10
49590 10
49600 10
49610 10
49620 10
49630 10
49640 10
49650 10
49660 10
49670 10
49680 10
49690 10
49700 10
49710 10
49720 10
49730 10
49740 10
49750 10
49760 10
49770 10
49780 10
49790 10
49800 10
49810 10
49820 10
49830 10
49840 10
49850 10
49860 10
49870 10
49880 10
49890 10
49900 10
49910 10
49920 10
49930 10
49940 10
49950 10
49960 10
49970 10
49980 10
49990 10
50000 10
50010 10
50020 10
50030 10
50040 10
50050 10
50060 10
50070 10
50080 10
50090 10
50100 10
50110 10
50120 10
50130 10
50140 10
50150 10
50160 10
50170 10
50180 10
50190 10
50200 10
50210 10
50220 10
50230 10
50240 10
50250 10
50260 10
50270 10
50280 10
50290 10
50300 10
50310 10
50320 10
50330 10
50340 10
50350 10
50360 10
50370 10
50380 10
50390 10
50400 10
50410 10
50420 10
50430 10
50440 10
50450 10
50460 10
50470 10
50480 10
50490 10
50500 10
50510 10
50520 10
50530 10
50540 10
50550 10
50560 10
50570 10
50580 10
50590 10
50600 10
50610 10
50620 10
50630 10
50640 10
50650 10
50660 10
50670 10
50680 10
50690 10
50700 10
50710 10
50720 10
50730 10
50740 10
50750 10
50760 10
50770 10
50780 10
50790 10
50800 10
50810 10
50820 10
50830 10
50840 10
50850 10
50860 10
50870 10
50880 10
50890 10
50900 10
50910 10
50920 10
50930 10
50940 10
50950 10
50960 10
50970 10
50980 10
50990 10
51000 10
51010 10
51020 10
51030 10
51040 10
51050 10
51060 10
51070 10
51080 10
51090 10
51100 10
51110 10
51120 10
51130 10
51140 10
51150 10
51160 10
51170 10
51180 10
51190 10
51200 10
51210 10
51220 10
51230 10
51240 10
51250 10
51260 10
51270 10
51280 10
51290 10
51300 10
51310 10
51320 10
51330 10
51340 10
51350 10
51360 10
51370 10
51380 10
51390 10
51400 10
51410 10
51420 10
51430 10
51440 10
51450 10
51460 10
51470 10
51480 10
51490 10
51500 10
51510 10
51520 10
51530 10
51540 10
51550 10
51560 10
51570 10
51580 10
51590 10
51600 10
51610 10
51620 10
51630 10
51640 10
51650 10
51660 10
51670 10
51680 10
51690 10
51700 10
51710 10
51720 10
51730 10
51740 10
51750 10
51760 10
51770 10
51780 10
51790 10
51800 10
51810 10
51820 10
51830 10
51840 10
51850 10
51860 10
51870 10
51880 10
51890 10
51900 10
51910 10
51920 10
51930 10
51940 10
51950 10
51960 10
51970 10
51980 10
51990 10
52000 10
52010 10
52020 10
52030 10
52040 10
52050 10
52060 10
52070 10
52080 10
52090 10
52100 10
52110 10
52120 10
52130 10
52140 10
52150 10
52160 10
52170 10
52180 10
52190 10
52200 10
52210 10
52220 10
52230 10
52240 10
52250 10
52260 10
52270 10
52280 10
52290 10
52300 10
52310 10
52320 10
52330 10
52340 10
52350 10
52360 10
52370 10
52380 10
52390 10
52400 10
52410 10
52420 10
52430 10
52440 10
52450 10
52460 10
52470 10
52480 10
52490 10
52500 10
52510 10
52520 10
52530 10
52540 10
52550 10
52560 10
52570 10
52580 10
52590 10
52600 10
52610 10
52620 10
52630 10
52640 10
52650 10
52660 10
52670 10
52680 10
52690 10
52700 10
52710 10
52720 10
52730 10
52740 10
52750 10
52760 10
52770 10
52780 10
52790 10
52800 10
52810 10
52820 10
52830 10
52840 10
52850 10
52860 10
52870 10
52880 10
52890 10
52900 10
52910 10
52920 10
52930 10
52940 10
52950 10
52960 10
52970 10
52980 10
52990 10
53000 10
53010 10
53020 10
53030 10
53040 10
53050 10
53060 10
53070 10
53080 10
53090 10
53100 10
53110 10
53120 10
53130 10
53140 10
53150 10
53160 10
53170 10
53180 10
53190 10
53200 10
53210 10
53220 10
53230 10
53240 10
53250 10
53260 10
53270 10
53280 10
53290 10
53300 10
53310 10
53320 10
53330 10
53340 10
53350 10
53360 10
53370 10
53380 10
53390 10
53400 10
53410 10
53420 10
53430 10
53440 10
53450 10
53460 10
53470 10
53480 10
53490 10
53500 10
53510 10
53520 10
53530 10
53540 10
53550 10
53560 10
53570 10
53580 10
53590 10
53600 10
53610 10
53620 10
53630 10
53640 10
53650 10
53660 10
53670 10
53680 10
53690 10
53700 10
53710 10
53720 10
53730 10
53740 10
53750 10
53760 10
53770 10
53780 10
53790 10
53800 10
53810 10
53820 10
53830 10
53840 10
53850 10
53860 10
53870 10
53880 10
53890 10
53900 10
53910 10
53920 10
53930 10
53940 10
53950 10
53960 10
53970 10
53980 10
53990 10
54000 10
54010 10
54020 10
54030 10
54040 10
54050 10
54060 10
54070 10
54080 10
54090 10
54100 10
54110 10
54120 10
54130 10
54140 10
54150 10
54160 10
54170 10
54180 10
54190 10
54200 10
54210 10
54220 10
54230 10
54240 10
54250 10
54260 10
54270 10
54280 10
54290 10
54300 10
54310 10
54320 10
54330 10
54340 10
54350 10
54360 10
54370 10
54380 10
54390 10
54400 10
54410 10
54420 10
54430 10
54440 10
54450 10
54460 10
54470 10
54480 10
54490 10
54500 10
54510 10
54520 10
54530 10
54540 10
54550 10
54560 10
54570 10
54580 10
54590 10
54600 10
54610 10
54620 10
54630 10
54640 10
54650 10
54660 10
54670 10
54680 10
54690 10
54700 10
54710 10
54720 10
54730 10
54740 10
54750 10
54760 10
54770 10
54780 10
54790 10
54800 10
54810 10
54820 10
54830 10
54840 10
54850 10
54860 10
54870 10
54880 10
54890 10
54900 10
54910 10
54920 10
54930 10
54940 10
54950 10
54960 10
54970 10
54980 10
54990 10
55000 10
55010 10
55020 10
55030 10
55040 10
55050 10
55060 10
55070 10
55080 10
55090 10
55100 10
55110 10
55120 10
55130 10
55140 10
55150 10
55160 10
55170 10
55180 10
55190 10
55200 10
55210 10
55220 10
55230 10
55240 10
55250 10
55260 10
55270 10
55280 10
55290 10
55300 10
55310 10
55320 10
55330 10
55340 10
55350 10
55360 10
55370 10
55380 10
55390 10
55400 10
55410 10
55420 10
55430 10
55440 10
55450 10
55460 10
55470 10
55480 10
55490 10
55500 10
55510 10
55520 10
55530 10
55540 10
55550 10
55560 10
55570 10
55580 10
55590 10
55600 10
55610 10
55620 10
55630 10
55640 10
55650 10
55660 10
55670 10
55680 10
55690 10
55700 10
55710 10
55720 10
55730 10
55740 10
55750 10
55760 10
55770 10
55780 10
55790 10
55800 10
55810 10
55820 10
55830 10
55840 10
55850 10
55860 10
55870 10
55880 10
55890 10
55900 10
55910 10
55920 10
55930 10
55940 10
55950 10
55960 10
55970 10
55980 10
55990 10
56000 10
56010 10
56020 10
56030 10
56040 10
56050 10
56060 10
56070 10
56080 10
56090 10
56100 10
56110 10
56120 10
56130 10
56140 10
56150 10
56160 10
56170 10
56180 10
56190 10
56200 10
56210 10
56220 10
56230 10
56240 10
56250 10
56260 10
56270 10
56280 10
56290 10
56300 10
56310 10
56320 10
56330 10
56340 10
56350 10
56360 10
56370 10
56380 10
56390 10
56400 10
56410 10
56420 10
56430 10
56440 10
56450 10
56460 10
56470 10
56480 10
56490 10
56500 10
56510 10
56520 10
56530 10
56540 10
56550 10
56560 10
56570 10
56580 10
56590 10
56600 10
56610 10
56620 10
56630 10
56640 10
56650 10
56660 10
56670 10
56680 10
56690 10
56700 10
56710 10
56720 10
56730 10
56740 10
56750 10
56760 10
56770 10
56780 10
56790 10
56800 10
56810 10
56820 10
56830 10
56840 10
56850 10
56860 10
56870 10
56880 10
56890 10
56900 10
56910 10
56920 10
56930 10
56940 10
56950 10
56960 10
56970 10
56980 10
56990 10
57000 10
57010 10
57020 10
57030 10
57040 10
57050 10
57060 10
57070 10
57080 10
57090 10
57100 10
57110 10
57120 10
57130 10
57140 10
57150 10
57160 10
57170 10
57180 10
57190 10
57200 10
57210 10
57220 10
57230 10
57240 10
57250 10
57260 10
57270 10
57280 10
57290 10
57300 10
57310 10
57320 10
57330 10
57340 10
57350 10
57360 10
57370 10
57380 10
57390 10
57400 10
57410 10
57420 10
57430 10
57440 10
57450 10
57460 10
57470 10
57480 10
57490 10
57500 10
57510 10
57520 10
57530 10
57540 10
57550 10
57560 10
57570 10
57580 10
57590 10
57600 10
57610 10
57620 10
57630 10
57640 10
57650 10
57660 10
57670 10
57680 10
57690 10
57700 10
57710 10
57720 10
57730 10
57740 10
57750 10
57760 10
57770 10
57780 10
57790 10
57800 10
57810 10
57820 10
57830 10
57840 10
57850 10
57860 10
57870 10
57880 10
57890 10
57900 10
57910 10
57920 10
57930 10
57940 10
57950 10
57960 10
57970 10
57980 10
57990 10
58000 10
58010 10
58020 10
58030 10
58040 10
58050 10
58060 10
58070 10
58080 10
58090 10
58100 10
58110 10
58120 10
58130 10
58140 10
58150 10
58160 10
58170 10
58180 10
58190 10
58200 10
58210 10
58220 10
58230 10
58240 10
58250 10
58260 10
58270 10
58280 10
58290 10
58300 10
58310 10
58320 10
58330 10
58340 10
58350 10
58360 10
58370 10
58380 10
58390 10
58400 10
58410 10
58420 10
58430 10
58440 10
58450 10
58460 10
58470 10
58480 10
58490 10
58500 10
58510 10
58520 10
58530 10
58540 10
58550 10
58560 10
58570 10
58580 10
58590 10
58600 10
58610 10
58620 10
58630 10
58640 10
58650 10
58660 10
58670 10
58680 10
58690 10
58700 10
58710 10
58720 10
58730 10
58740 10
58750 10
58760 10
58770 10
58780 10
58790 10
58800 10
58810 10
58820 10
58830 10
58840 10
58850 10
58860 10
58870 10
58880 10
58890 10
58900 10
58910 10
58920 10
58930 10
58940 10
58950 10
58960 10
58970 10
58980 10
58990 10
59000 10
59010 10
59020 10
59030 10
59040 10
59050 10
59060 10
59070 10
59080 10
59090 10
59100 10
59110 10
59120 10
59130 10
59140 10
59150 10
59160 10
59170 10
59180 10
59190 10
59200 10
59210 10
59220 10
59230 10
59240 10
59250 10
59260 10
59270 10
59280 10
59290 10
59300 10
59310 10
59320 10
59330 10
59340 10
59350 10
59360 10
59370 10
59380 10
59390 10
59400 10
59410 10
59420 10
59430 10
59440 10
59450 10
59460 10
59470 10
59480 10
59490 10
59500 10
59510 10
59520 10
59530 10
59540 10
59550 10
59560 10
59570 10
59580 10
59590 10
59600 10
59610 10
59620 10
59630 10
59640 10
59650 10
59660 10
59670 10
59680 10
59690 10
59700 10
59710 10
59720 10
59730 10
59740 10
59750 10
59760 10
59770 10
59780 10
59790 10
59800 10
59810 10
59820 10
59830 10
59840 10
59850 10
59860 10
59870 10
59880 10
59890 10
59900 10
59910 10
59920 10
59930 10
59940 10
59950 10
59960 10
59970 10
59980 10
59990 10
60000 10
60010 10
60020 10
60030 10
60040 10
60050 10
60060 10
60070 10
60080 10
60090 10
60100 10
60110 10
60120 10
60130 10
60140 10
60150 10
60160 10
60170 10
60180 10
60190 10
60200 10
60210 10
60220 10
60230 10
60240 10
60250 10
60260 10
60270 10
60280 10
60290 10
60300 10
60310 10
60320 10
60330 10
60340 10
60350 10
60360 10
60370 10
60380 10
60390 10
60400 10
60410 10
60420 10
60430 10
60440 10
60450 10
60460 10
60470 10
60480 10
60490 10
60500 10
60510 10
60520 10
60530 10
60540 10
60550 10
60560 10
60570 10
60580 10
60590 10
60600 10
60610 10
60620 10
60630 10
60640 10
60650 10
60660 10
60670 10
60680 10
60690 10
60700 10
60710 10
60720 10
60730 10
60740 10
60750 10
60760 10
60770 10
60780 10
60790 10
60800 10
60810 10
60820 10
60830 10
60840 10
60850 10
60860 10
60870 10
60880 10
60890 10
60900 10
60910 10
60920 10
60930 10
60940 10
60950 10
60960 10
60970 10
60980 10
60990 10
61000 10
61010 10
61020 10
61030 10
61040 10
61050 10
61060 10
61070 10
61080 10
61090 10
61100 10
61110 10
61120 10
61130 10
61140 10
61150 10
61160 10
61170 10
61180 10
61190 10
61200 10
61210 10
61220 10
61230 10
61240 10
61250 10
61260 10
61270 10
61280 10
61290 10
61300 10
61310 10
61320 10
61330 10
61340 10
61350 10
61360 10
61370 10
61380 10
61390 10
61400 10
61410 10
61420 10
61430 10
61440 10
61450 10
61460 10
61470 10
61480 10
61490 10
61500 10
61510 10
61520 10
61530 10
61540 10
61550 10
61560 10
61570 10
61580 10
61590 10
61600 10
61610 10
61620 10
61630 10
61640 10
61650 10
61660 10
61670 10
61680 10
61690 10
61700 10
61710 10
61720 10
61730 10
61740 10
61750 10
61760 10
61770 10
61780 10
61790 10
61800 10
61810 10
61820 10
61830 10
61840 10
61850 10
61860 10
61870 10
61880 10
61890 10
61900 10
61910 10
61920 10
61930 10
61940 10
61950 10
61960 10
61970 10
61980 10
61990 10
62000 10
62010 10
62020 10
62030 10
62040 10
62050 10
62060 10
62070 10
62080 10
62090 10
62100 10
62110 10
62120 10
62130 10
62140 10
62150 10
62160 10
62170 10
62180 10
62190 10
62200 10
62210 10
62220 10
62230 10
62240 10
62250 10
62260 10
62270 10
62280 10
62290 10
62300 10
62310 10
62320 10
62330 10
62340 10
62350 10
62360 10
62370 10
62380 10
62390 10
62400 10
62410 10
62420 10
62430 10
62440 10
62450 10
62460 10
62470 10
62480 10
62490 10
62500 10
62510 10
62520 10
62530 10
62540 10
62550 10
62560 10
62570 10
62580 10
62590 10
62600 10
62610 10
62620 10
62630 10
62640 10
62650 10
62660 10
62670 10
62680 10
62690 10
62700 10
62710 10
62720 10
62730 10
62740 10
62750 10
62760 10
62770 10
62780 10
62790 10
62800 10
62810 10
62820 10
62830 10
62840 10
62850 10
62860 10
62870 10
62880 10
62890 10
62900 10
62910 10
62920 10
62930 10
62940 10
62950 10
62960 10
62970 10
62980 10
62990 10
63000 10
63010 10
63020 10
63030 10
63040 10
63050 10
63060 10
63070 10
63080 10
63090 10
63100 10
63110 10
63120 10
63130 10
63140 10
63150 10
63160 10
63170 10
63180 10
63190 10
63200 10
63210 10
63220 10
63230 10
63240 10
63250 10
63260 10
63270 10
63280 10
63290 10
63300 10
63310 10
63320 10
63330 10
63340 10
63350 10
63360 10
63370 10
63380 10
63390 10
63400 10
63410 10
63420 10
63430 10
63440 10
63450 10
63460 10
63470 10
63480 10
63490 10
63500 10
63510 10
63520 10
63530 10
63540 10
63550 10
63560 10
63570 10
63580 10
63590 10
63600 10
63610 10
63620 10
63630 10
63640 10
63650 10
63660 10
63670 10
63680 10
63690 10
63700 10
63710 10
63720 10
63730 10
63740 10
63750 10
63760 10
63770 10
63780 10
63790 10
63800 10
63810 10
63820 10
63830 10
63840 10
63850 10
63860 10
63870 10
63880 10
63890 10
63900 10
63910 10
63920 10
63930 10
63940 10
63950 10
63960 10
63970 10
63980 10
63990 10
64000 10
64010 10
64020 10
64030 10
64040 10
64050 10
64060 10
64070 10
64080 10
64090 10
64100 10
64110 10
64120 10
64130 10
64140 10
64150 10
64160 10
64170 10
64180 10
64190 10
64200 10
64210 10
64220 10
64230 10
64240 10
64250 10
64260 10
64270 10
64280 10
64290 10
64300 10
64310 10
64320 10
64330 10
64340 10
64350 10
64360 10
64370 10
64380 10
64390 10
64400 10
64410 10
64420 10
64430 10
64440 10
64450 10
64460 10
64470 10
64480 10
64490 10
64500 10
64510 10
64520 10
64530 10
64540 10
64550 10
64560 10
64570 10
64580 10
64590 10
64600 10
64610 10
64620 10
64630 10
64640 10
64650 10
64660 10
64670 10
64680 10
64690 10
64700 10
64710 10
64720 10
64730 10
64740 10
64750 10
64760 10
64770 10
64780 10
64790 10
64800 10
64810 10
64820 10
64830 10
64840 10
64850 10
64860 10
64870 10
64880 10
64890 10
64900 10
64910 10
64920 10
64930 10
64940 10
64950 10
64960 10
64970 10
64980 10
64990 10
65000 10
65010 10
65020 10
65030 10
65040 10
65050 10
65060 10
65070 10
65080 10
65090 10
65100 10
65110 10
65120 10
65130 10
65140 10
65150 10
65160 10
65170 10
65180 10
65190 10
65200 10
65210 10
65220 10
65230 10
65240 10
65250 10
65260 10
65270 10
65280 10
65290 10
65300 10
65310 10
65320 10
65330 10
65340 10
65350 10
65360 10
65370 10
65380 10
65390 10
65400 10
65410 10
65420 10
65430 10
65440 10
65450 10
65460 10
65470 10
65480 10
65490 10
65500 10
65510 10
65520 10
65530 10
65540 10
65550 10
65560 10
65570 10
65580 10
65590 10
65600 10
65610 10
65620 10
65630 10
65640 10
65650 10
65660 10
65670 10
65680 10
65690 10
65700 10
65710 10
65720 10
65730 10
65740 10
65750 10
65760 10
65770 10
65780 10
65790 10
65800 10
65810 10
65820 10
65830 10
65840 10
65850 10
65860 10
65870 10
65880 10
65890 10
65900 10
65910 10
65920 10
65930 10
65940 10
65950 10
65960 10
65970 10
65980 10
65990 10
66000 10
66010 10
66020 10
66030 10
66040 10
66050 10
66060 10
66070 10
66080 10
66090 10
66100 10
66110 10
66120 10
66130 10
66140 10
66150 10
66160 10
66170 10
66180 10
66190 10
66200 10
66210 10
66220 10
66230 10
66240 10
66250 10
66260 10
66270 10
66280 10
66290 10
66300 10
66310 10
66320 10
66330 10
66340 10
66350 10
66360 10
66370 10
66380 10
66390 10
66400 10
66410 10
66420 10
66430 10
66440 10
66450 10
66460 10
66470 10
66480 10
66490 10
66500 10
66510 10
66520 10
66530 10
66540 10
66550 10
66560 10
66570 10
66580 10
66590 10
66600 10
66610 10
66620 10
66630 10
66640 10
66650 10
66660 10
66670 10
66680 10
66690 10
66700 10
66710 10
66720 10
66730 10
66740 10
66750 10
66760 10
66770 10
66780 10
66790 10
66800 10
66810 10
66820 10
66830 10
66840 10
66850 10
66860 10
66870 10
66880 10
66890 10
66900 10
66910 10
66920 10
66930 10
66940 10
66950 10
66960 10
66970 10
66980 10
66990 10
67000 10
67010 10
67020 10
67030 10
67040 10
67050 10
67060 10
67070 10
67080 10
67090 10
67100 10
67110 10
67120 10
67130 10
67140 10
67150 10
67160 10
67170 10
67180 10
67190 10
67200 10
67210 10
67220 10
67230 10
67240 10
67250 10
67260 10
67270 10
67280 10
67290 10
67300 10
67310 10
67320 10
67330 10
67340 10
67350 10
67360 10
67370 10
67380 10
67390 10
67400 10
67410 10
67420 10
67430 10
67440 10
67450 10
67460 10
67470 10
67480 10
67490 10
67500 10
67510 10
67520 10
67530 10
67540 10
67550 10
67560 10
67570 10
67580 10
67590 10
67600 10
67610 10
67620 10
67630 10
67640 10
67650 10
67660 10
67670 10
67680 10
67690 10
67700 10
67710 10
67720 10
67730 10
67740 10
67750 10
67760 10
67770 10
67780 10
67790 10
67800 10
67810 10
67820 10
67830 10
67840 10
67850 10
67860 10
67870 10
67880 10
67890 10
67900 10
67910 10
67920 10
67930 10
67940 10
67950 10
67960 10
67970 10
67980 10
67990 10
68000 10
68010 10
68020 10
68030 10
68040 10
68050 10
68060 10
68070 10
68080 10
68090 10
68100 10
68110 10
68120 10
68130 10
68140 10
68150 10
68160 10
68170 10
68180 10
68190 10
68200 10
68210 10
68220 10
68230 10
68240 10
68250 10
68260 10
68270 10
68280 10
68290 10
68300 10
68310 10
68320 10
68330 10
68340 10
68350 10
68360 10
68370 10
68380 10
68390 10
68400 10
68410 10
68420 10
68430 10
68440 10
68450 10
68460 10
68470 10
68480 10
68490 10
68500 10
68510 10
68520 10
68530 10
68540 10
68550 10
68560 10
68570 10
68580 10
68590 10
68600 10
68610 10
68620 10
68630 10
68640 10
68650 10
68660 10
68670 10
68680 10
68690 10
68700 10
68710 10
68720 10
68730 10
68740 10
68750 10
68760 10
68770 10
68780 10
68790 10
68800 10
68810 10
68820 10
68830 10
68840 10
68850 10
68860 10
68870 10
68880 10
68890 10
68900 10
68910 10
68920 10
68930 10
68940 10
68950 10
68960 10
68970 10
68980 10
68990 10
69000 10
69010 10
69020 10
69030 10
69040 10
69050 10
69060 10
69070 10
69080 10
69090 10
69100 10
69110 10
69120 10
69130 10
69140 10
69150 10
69160 10
69170 10
69180 10
69190 10
69200 10
69210 10
69220 10
69230 10
69240 10
69250 10
69260 10
69270 10
69280 10
69290 10
69300 10
69310 10
69320 10
69330 10
69340 10
69350 10
69360 10
69370 10
69380 10
69390 10
69400 10
69410 10
69420 10
69430 10
69440 10
69450 10
69460 10
69470 10
69480 10
69490 10
69500 10
69510 10
69520 10
69530 10
69540 10
69550 10
69560 10
69570 10
69580 10
69590 10
69600 10
69610 10
69620 10
69630 10
69640 10
69650 10
69660 10
69670 10
69680 10
69690 10
69700 10
69710 10
69720 10
69730 10
69740 10
69750 10
69760 10
69770 10
69780 10
69790 10
69800 10
69810 10
69820 10
69830 10
69840 10
69850 10
69860 10
69870 10
69880 10
69890 10
69900 10
69910 10
69920 10
69930 10
69940 10
69950 10
69960 10
69970 10
69980 10
69990 10
70000 10
70010 10
70020 10
70030 10
70040 10
70050 10
70060 10
70070 10
70080 10
70090 10
70100 10
70110 10
70120 10
70130 10
70140 10
70150 10
70160 10
70170 10
70180 10
70190 10
70200 10
70210 10
70220 10
70230 10
70240 10
70250 10
70260 10
70270 10
70280 10
70290 10
70300 10
70310 10
70320 10
70330 10
70340 10
70350 10
70360 10
70370 10
70380 10
70390 10
70400 10
70410 10
70420 10
70430 10
70440 10
70450 10
70460 10
70470 10
70480 10
70490 10
70500 10
70510 10
70520 10
70530 10
70540 10
70550 10
70560 10
70570 10
70580 10
70590 10
70600 10
70610 10
70620 10
70630 10
70640 10
70650 10
70660 10
70670 10
70680 10
70690 10
70700 10
70710 10
70720 10
70730 10
70740 10
70750 10
70760 10
70770 10
70780 10
70790 10
70800 10
70810 10
70820 10
70830 10
70840 10
70850 10
70860 10
70870 10
70880 10
70890 10
70900 10
70910 10
70920 10
70930 10
70940 10
70950 10
70960 10
70970 10
70980 10
70990 10
71000 10
71010 10
71020 10
71030 10
71040 10
71050 10
71060 10
71070 10
71080 10
71090 10
71100 10
71110 10
71120 10
71130 10
71140 10
71150 10
71160 10
71170 10
71180 10
71190 10
71200 10
71210 10
71220 10
71230 10
71240 10
71250 10
71260 10
71270 10
71280 10
71290 10
71300 10
71310 10
71320 10
71330 10
71340 10
71350 10
71360 10
71370 10
71380 10
71390 10
71400 10
71410 10
71420 10
71430 10
71440 10
71450 10
71460 10
71470 10
71480 10
71490 10
71500 10
71510 10
71520 10
71530 10
71540 10
71550 10
71560 10
71570 10
71580 10
71590 10
71600 10
71610 10
71620 10
71630 10
71640 10
71650 10
71660 10
71670 10
71680 10
71690 10
71700 10
71710 10
71720 10
71730 10
71740 10
71750 10
71760 10
71770 10
71780 10
71790 10
71800 10
71810 10
71820 10
71830 10
71840 10
71850 10
71860 10
71870 10
71880 10
71890 10
71900 10
71910 10
71920 10
71930 10
71940 10
71950 10
71960 10
71970 10
71980 10
71990 10
72000 10
72010 10
72020 10
72030 10
72040 10
72050 10
72060 10
72070 10
72080 10
72090 10
72100 10
72110 10
72120 10
72130 10
72140 10
72150 10
72160 10
72170 10
72180 10
72190 10
72200 10
72210 10
72220 10
72230 10
72240 10
72250 10
72260 10
72270 10
72280 10
72290 10
72300 10
72310 10
72320 10
72330 10
72340 10
72350 10
72360 10
72370 10
72380 10
72390 10
72400 10
72410 10
72420 10
72430 10
72440 10
72450 10
72460 10
72470 10
72480 10
72490 10
72500 10
72510 10
72520 10
72530 10
72540 10
72550 10
72560 10
72570 10
72580 10
72590 10
72600 10
72610 10
72620 10
72630 10
72640 10
72650 10
72660 10
72670 10
72680 10
72690 10
72700 10
72710 10
72720 10
72730 10
72740 10
72750 10
72760 10
72770 10
72780 10
72790 10
72800 10
72810 10
72820 10
72830 10
72840 10
72850 10
72860 10
72870 10
72880 10
72890 10
72900 10
72910 10
72920 10
72930 10
72940 10
72950 10
72960 10
72970 10
72980 10
72990 10
73000 10
73010 10
73020 10
73030 10
73040 10
73050 10
73060 10
73070 10
73080 10
73090 10
73100 10
73110 10
73120 10
73130 10
73140 10
73150 10
73160 10
73170 10
73180 10
73190 10
73200 10
73210 10
73220 10
73230 10
73240 10
73250 10
73260 10
73270 10
73280 10
73290 10
73300 10
73310 10
73320 10
73330 10
73340 10
73350 10
73360 10
73370 10
73380 10
73390 10
73400 10
73410 10
73420 10
73430 10
73440 10
73450 10
73460 10
73470 10
73480 10
73490 10
73500 10
73510 10
73520 10
73530 10
73540 10
73550 10
73560 10
73570 10
73580 10
73590 10
73600 10
73610 10
73620 10
73630 10
73640 10
73650 10
73660 10
73670 10
73680 10
73690 10
73700 10
73710 10
73720 10
73730 10
73740 10
73750 10
73760 10
73770 10
73780 10
73790 10
73800 10
73810 10
73820 10
73830 10
73840 10
73850 10
73860 10
73870 10
73880 10
73890 10
73900 10
73910 10
73920 10
73930 10
73940 10
73950 10
73960 10
73970 10
73980 10
73990 10
74000 10
74010 10
74020 10
74030 10
74040 10
74050 10
74060 10
74070 10
74080 10
74090 10
74100 10
74110 10
74120 10
74130 10
74140 10
74150 10
74160 10
74170 10
74180 10
74190 10
74200 10
74210 10
74220 10
74230 10
74240 10
74250 10
74260 10
74270 10
74280 10
74290 10
74300 10
74310 10
74320 10
74330 10
74340 10
74350 10
74360 10
74370 10
74380 10
74390 10
74400 10
74410 10
74420 10
74430 10
74440 10
74450 10
74460 10
74470 10
74480 10
74490 10
74500 10
74510 10
74520 10
74530 10
74540 10
74550 10
74560 10
74570 10
74580 10
74590 10
74600 10
74610 10
74620 10
74630 10
74640 10
74650 10
74660 10
74670 10
74680 10
74690 10
74700 10
74710 10
74720 10
74730 10
74740 10
74750 10
74760 10
74770 10
74780 10
74790 10
74800 10
74810 10
74820 10
74830 10
74840 10
74850 10
74860 10
74870 10
74880 10
74890 10
74900 10
74910 10
74920 10
74930 10
74940 10
74950 10
74960 10
74970 10
74980 10
74990 10
75000 10
75010 10
75020 10
75030 10
75040 10
75050 10
75060 10
75070 10
75080 10
75090 10
75100 10
75110 10
75120 10
75130 10
75140 10
75150 10
75160 10
75170 10
75180 10
75190 10
75200 10
75210 10
75220 10
75230 10
75240 10
75250 10
75260 10
75270 10
75280 10
75290 10
75300 10
75310 10
75320 10
75330 10
75340 10
75350 10
75360 10
75370 10
75380 10
75390 10
75400 10
75410 10
75420 10
75430 10
75440 10
75450 10
75460 10
75470 10
75480 10
75490 10
75500 10
75510 10
75520 10
75530 10
75540 10
75550 10
75560 10
75570 10
75580 10
75590 10
75600 10
75610 10
75620 10
75630 10
75640 10
75650 10
75660 10
75670 10
75680 10
75690 10
75700 10
75710 10
75720 10
75730 10
75740 10
75750 10
75760 10
75770 10
75780 10
75790 10
75800 10
75810 10
75820 10
75830 10
75840 10
75850 10
75860 10
75870 10
75880 10
75890 10
75900 10
75910 10
75920 10
75930 10
75940 10
75950 10
75960 10
75970 10
75980 10
75990 10
76000 10
76010 10
76020 10
76030 10
76040 10
76050 10
76060 10
76070 10
76080 10
76090 10
76100 10
76110 10
76120 10
76130 10
76140 10
76150 10
76160 10
76170 10
76180 10
76190 10
76200 10
76210 10
76220 10
76230 10
76240 10
76250 10
76260 10
76270 10
76280 10
76290 10
76300 10
76310 10
76320 10
76330 10
76340 10
76350 10
76360 10
76370 10
76380 10
76390 10
76400 10
76410 10
76420 10
76430 10
76440 10
76450 10
76460 10
76470 10
76480 10
76490 10
76500 10
76510 10
76520 10
76530 10
76540 10
76550 10
76560 10
76570 10
76580 10
76590 10
76600 10
76610 10
76620 10
76630 10
76640 10
76650 10
76660 10
76670 10
76680 10
76690 10
76700 10
76710 10
76720 10
76730 10
76740 10
76750 10
76760 10
76770 10
76780 10
76790 10
76800 10
76810 10
76820 10
76830 10
76840 10
76850 10
76860 10
76870 10
76880 10
76890 10
76900 10
76910 10
76920 10
76930 10
76940 10
76950 10
76960 10
76970 10
76980 10
76990 10
77000 10
77010 10
77020 10
77030 10
77040 10
77050 10
77060 10
77070 10
77080 10
77090 10
77100 10
77110 10
77120 10
77130 10
77140 10
77150 10
77160 10
77170 10
77180 10
77190 10
77200 10
77210 10
77220 10
77230 10
77240 10
77250 10
77260 10
77270 10
77280 10
77290 10
77300 10
77310 10
77320 10
77330 10
77340 10
77350 10
77360 10
77370 10
77380 10
77390 10
77400 10
77410 10
77420 10
77430 10
77440 10
77450 10
77460 10
77470 10
77480 10
77490 10
77500 10
77510 10
77520 10
77530 10
77540 10
77550 10
77560 10
77570 10
77580 10
77590 10
77600 10
77610 10
77620 10
77630 10
77640 10
77650 10
77660 10
77670 10
77680 10
77690 10
77700 10
77710 10
77720 10
77730 10
77740 10
77750 10
77760 10
77770 10
77780 10
77790 10
77800 10
77810 10
77820 10
77830 10
77840 10
77850 10
77860 10
77870 10
77880 10
77890 10
77900 10
77910 10
77920 10
77930 10
77940 10
77950 10
77960 10
77970 10
77980 10
77990 10
78000 10
78010 10
78020 10
78030 10
78040 10
78050 10
78060 10
78070 10
78080 10
78090 10
78100 10
78110 10
78120 10
78130 10
78140 10
78150 10
78160 10
78170 10
78180 10
78190 10
78200 10
78210 10
78220 10
78230 10
78240 10
78250 10
78260 10
78270 10
78280 10
78290 10
78300 10
78310 10
78320 10
78330 10
78340 10
78350 10
78360 10
78370 10
78380 10
78390 10
78400 10
78410 10
78420 10
78430 10
78440 10
78450 10
78460 10
78470 10
78480 10
78490 10
78500 10
78510 10
78520 10
78530 10
78540 10
78550 10
78560 10
78570 10
78580 10
78590 10
78600 10
78610 10
78620 10
78630 10
78640 10
78650 10
78660 10
78670 10
78680 10
78690 10
78700 10
78710 10
78720 10
78730 10
78740 10
78750 10
78760 10
78770 10
78780 10
78790 10
78800 10
78810 10
78820 10
78830 10
78840 10
78850 10
78860 10
78870 10
78880 10
78890 10
78900 10
78910 10
78920 10
78930 10
78940 10
78950 10
78960 10
78970 10
78980 10
78990 10
79000 10
79010 10
79020 10
79030 10
79040 10
79050 10
79060 10
79070 10
79080 10
79090 10
79100 10
79110 10
79120 10
79130 10
79140 10
79150 10
79160 10
79170 10
79180 10
79190 10
79200 10
79210 10
79220 10
79230 10
79240 10
79250 10
79260 10
79270 10
79280 10
79290 10
79300 10
79310 10
79320 10
79330 10
79340 10
79350 10
79360 10
79370 10
79380 10
79390 10
79400 10
79410 10
79420 10
79430 10
79440 10
79450 10
79460 10
79470 10
79480 10
79490 10
79500 10
79510 10
79520 10
79530 10
79540 10
79550 10
79560 10
79570 10
79580 10
79590 10
79600 10
79610 10
79620 10
79630 10
79640 10
79650 10
79660 10
79670 10
79680 10
79690 10
79700 10
79710 10
79720 10
79730 10
79740 10
79750 10
79760 10
79770 10
79780 10
79790 10
79800 10
79810 10
79820 10
79830 10
79840 10
79850 10
79860 10
79870 10
79880 10
79890 10
79900 10
79910 10
79920 10
79930 10
79940 10
79950 10
79960 10
79970 10
79980 10
79990 10
80000 10
80010 10
80020 10
80030 10
80040 10
80050 10
80060 10
80070 10
80080 10
80090 10
80100 10
80110 10
80120 10
80130 10
80140 10
80150 10
80160 10
80170 10
80180 10
80190 10
80200 10
80210 10
80220 10
80230 10
80240 10
80250 10
80260 10
80270 10
80280 10
80290 10
80300 10
80310 10
80320 10
80330 10
80340 10
80350 10
80360 10
80370 10
80380 10
80390 10
80400 10
80410 10
80420 10
80430 10
80440 10
80450 10
80460 10
80470 10
80480 10
80490 10
80500 10
80510 10
80520 10
80530 10
80540 10
80550 10
80560 10
80570 10
80580 10
80590 10
80600 10
80610 10
80620 10
80630 10
80640 10
80650 10
80660 10
80670 10
80680 10
80690 10
80700 10
80710 10
80720 10
80730 10
80740 10
80750 10
80760 10
80770 10
80780 10
80790 10
80800 10
80810 10
80820 10
80830 10
80840 10
80850 10
80860 10
80870 10
80880 10
80890 10
80900 10
80910 10
80920 10
80930 10
80940 10
80950 10
80960 10
80970 10
80980 10
80990 10
81000 10
81010 10
81020 10
81030 10
81040 10
81050 10
81060 10
81070 10
81080 10
81090 10
81100 10
81110 10
81120 10
81130 10
81140 10
81150 10
81160 10
81170 10
81180 10
81190 10
81200 10
81210 10
81220 10
81230 10
81240 10
81250 10
81260 10
81270 10
81280 10
81290 10
81300 10
81310 10
81320 10
81330 10
81340 10
81350 10
81360 10
81370 10
81380 10
81390 10
81400 10
81410 10
81420 10
81430 10
81440 10
81450 10
81460 10
81470 10
81480 10
81490 10
81500 10
81510 10
81520 10
81530 10
81540 10
81550 10
81560 10
81570 10
81580 10
81590 10
81600 10
81610 10
81620 10
81630 10
81640 10
81650 10
81660 10
81670 10
81680 10
81690 10
81700 10
81710 10
81720 10
81730 10
81740 10
81750 10
81760 10
81770 10
81780 10
81790 10
81800 10
81810 10
81820 10
81830 10
81840 10
81850 10
81860 10
81870 10
81880 10
81890 10
81900 10
81910 10
81920 10
81930 10
81940 10
81950 10
81960 10
81970 10
81980 10
81990 10
82000 10
82010 10
82020 10
82030 10
82040 10
82050 10
82060 10
82070 10
82080 10
82090 10
82100 10
82110 10
82120 10
82130 10
82140 10
82150 10
82160 10
82170 10
82180 10
82190 10
82200 10
82210 10
82220 10
82230 10
82240 10
82250 10
82260 10
82270 10
82280 10
82290 10
82300 10
82310 10
82320 10
82330 10
82340 10
82350 10
82360 10
82370 10
82380 10
82390 10
82400 10
82410 10
82420 10
82430 10
82440 10
82450 10
82460 10
82470 10
82480 10
82490 10
82500 10
82510 10
82520 10
82530 10
82540 10
82550 10
82560 10
82570 10
82580 10
82590 10
82600 10
82610 10
82620 10
82630 10
82640 10
82650 10
82660 10
82670 10
82680 10
82690 10
82700 10
82710 10
82720 10
82730 10
82740 10
82750 10
82760 10
82770 10
82780 10
82790 10
82800 10
82810 10
82820 10
82830 10
82840 10
82850 10
82860 10
82870 10
82880 10
82890 10
82900 10
82910 10
82920 10
82930 10
82940 10
82950 10
82960 10
82970 10
82980 10
82990 10
83000 10
83010 10
83020 10
83030 10
83040 10
83050 10
83060 10
83070 10
83080 10
83090 10
83100 10
83110 10
83120 10
83130 10
83140 10
83150 10
83160 10
83170 10
83180 10
83190 10
83200 10
83210 10
83220 10
83230 10
83240 10
83250 10
83260 10
83270 10
83280 10
83290 10
83300 10
83310 10
83320 10
83330 10
83340 10
83350 10
83360 10
83370 10
83380 10
83390 10
83400 10
83410 10
83420 10
83430 10
83440 10
83450 10
83460 10
83470 10
83480 10
83490 10
83500 10
83510 10
83520 10
83530 10
83540 10
83550 10
83560 10
83570 10
83580 10
83590 10
83600 10
83610 10
83620 10
83630 10
83640 10
83650 10
83660 10
83670 10
83680 10
83690 10
83700 10
83710 10
83720 10
83730 10
83740 10
83750 10
83760 10
83770 10
83780 10
83790 10
83800 10
83810 10
83820 10
83830 10
83840 10
83850 10
83860 10
83870 10
83880 10
83890 10
83900 10
83910 10
83920 10
83930 10
83940 10
83950 10
83960 10
83970 10
83980 10
83990 10
84000 10
84010 10
84020 10
84030 10
84040 10
84050 10
84060 10
84070 10
84080 10
84090 10
84100 10
84110 10
84120 10
84130 10
84140 10
84150 10
84160 10
84170 10
84180 10
84190 10
84200 10
84210 10
84220 10
84230 10
84240 10
84250 10
84260 10
84270 10
84280 10
84290 10
84300 10
84310 10
84320 10
84330 10
84340 10
84350 10
84360 10
84370 10
84380 10
84390 10
84400 10
84410 10
84420 10
84430 10
84440 10
84450 10
84460 10
84470 10
84480 10
84490 10
84500 10
84510 10
84520 10
84530 10
84540 10
84550 10
84560 10
84570 10
84580 10
84590 10
84600 10
84610 10
84620 10
84630 10
84640 10
84650 10
84660 10
84670 10
84680 10
84690 10
84700 10
84710 10
84720 10
84730 10
84740 10
84750 10
84760 10
84770 10
84780 10
84790 10
84800 10
84810 10
84820 10
84830 10
84840 10
84850 10
84860 10
84870 10
84880 10
84890 10
84900 10
84910 10
84920 10
84930 10
84940 10
84950 10
84960 10
84970 10
84980 10
84990 10
85000 10
85010 10
85020 10
85030 10
85040 10
85050 10
85060 10
85070 10
85080 10
85090 10
85100 10
85110 10
85120 10
85130 10
85140 10
85150 10
85160 10
85170 10
85180 10
85190 10
85200 10
85210 10
85220 10
85230 10
85240 10
85250 10
85260 10
85270 10
85280 10
85290 10
85300 10
85310 10
85320 10
85330 10
85340 10
85350 10
85360 10
85370 10
85380 10
85390 10
85400 10
85410 10
85420 10
85430 10
85440 10
85450 10
85460 10
85470 10
85480 10
85490 10
85500 10
85510 10
85520 10
85530 10
85540 10
85550 10
85560 10
85570 10
85580 10
85590 10
85600 10
85610 10
85620 10
85630 10
85640 10
85650 10
85660 10
85670 10
85680 10
85690 10
85700 10
85710 10
85720 10
85730 10
85740 10
85750 10
85760 10
85770 10
85780 10
85790 10
85800 10
85810 10
85820 10
85830 10
85840 10
85850 10
85860 10
85870 10
85880 10
85890 10
85900 10
85910 10
85920 10
85930 10
85940 10
85950 10
85960 10
85970 10
85980 10
85990 10
86000 10
86010 10
86020 10
86030 10
86040 10
86050 10
86060 10
86070 10
86080 10
86090 10
86100 10
86110 10
86120 10
86130 10
86140 10
86150 10
86160 10
86170 10
86180 10
86190 10
86200 10
86210 10
86220 10
86230 10
86240 10
86250 10
86260 10
86270 10
86280 10
86290 10
86300 10
86310 10
86320 10
86330 10
86340 10
86350 10
86360 10
86370 10
86380 10
86390 10
86400 10
86410 10
86420 10
86430 10
86440 10
86450 10
86460 10
86470 10
86480 10
86490 10
86500 10
86510 10
86520 10
86530 10
86540 10
86550 10
86560 10
86570 10
86580 10
86590 10
86600 10
86610 10
86620 10
86630 10
86640 10
86650 10
86660 10
86670 10
86680 10
86690 10
86700 10
86710 10
86720 10
86730 10
86740 10
86750 10
86760 10
86770 10
86780 10
86790 10
86800 10
86810 10
86820 10
86830 10
86840 10
86850 10
86860 10
86870 10
86880 10
86890 10
86900 10
86910 10
86920 10
86930 10
86940 10
86950 10
86960 10
86970 10
86980 10
86990 10
87000 10
87010 10
87020 10
87030 10
87040 10
87050 10
87060 10
87070 10
87080 10
87090 10
87100 10
87110 10
87120 10
87130 10
87140 10
87150 10
87160 10
87170 10
87180 10
87190 10
87200 10
87210 10
87220 10
87230 10
87240 10
87250 10
87260 10
87270 10
87280 10
87290 10
87300 10
87310 10
87320 10
87330 10
87340 10
87350 10
87360 10
87370 10
87380 10
87390 10
87400 10
87410 10
87420 10
87430 10
87440 10
87450 10
87460 10
87470 10
87480 10
87490 10
87500 10
87510 10
87520 10
87530 10
87540 10
87550 10
87560 10
87570 10
87580 10
87590 10
87600 10
87610 10
87620 10
87630 10
87640 10
87650 10
87660 10
87670 10
87680 10
87690 10
87700 10
87710 10
87720 10
87730 10
87740 10
87750 10
87760 10
87770 10
87780 10
87790 10
87800 10
87810 10
87820 10
87830 10
87840 10
87850 10
87860 10
87870 10
87880 10
87890 10
87900 10
87910 10
87920 10
87930 10
87940 10
87950 10
87960 10
87970 10
87980 10
87990 10
88000 10
88010 10
88020 10
88030 10
88040 10
88050 10
88060 10
88070 10
88080 10
88090 10
88100 10
88110 10
88120 10
88130 10
88140 10
88150 10
88160 10
88170 10
88180 10
88190 10
88200 10
88210 10
88220 10
88230 10
88240 10
88250 10
88260 10
88270 10
88280 10
88290 10
88300 10
88310 10
88320 10
88330 10
88340 10
88350 10
88360 10
88370 10
88380 10
88390 10
88400 10
88410 10
88420 10
88430 10
88440 10
88450 10
88460 10
88470 10
88480 10
88490 10
88500 10
88510 10
88520 10
88530 10
88540 10
88550 10
88560 10
88570 10
88580 10
88590 10
88600 10
88610 10
88620 10
88630 10
88640 10
88650 10
88660 10
88670 10
88680 10
88690 10
88700 10
88710 10
88720 10
88730 10
88740 10
88750 10
88760 10
88770 10
88780 10
88790 10
88800 10
88810 10
88820 10
88830 10
88840 10
88850 10
88860 10
88870 10
88880 10
88890 10
88900 10
88910 10
88920 10
88930 10
88940 10
88950 10
88960 10
88970 10
88980 10
88990 10
89000 10
89010 10
89020 10
89030 10
89040 10
89050 10
89060 10
89070 10
89080 10
89090 10
89100 10
89110 10
89120 10
89130 10
89140 10
89150 10
89160 10
89170 10
89180 10
89190 10
89200 10
89210 10
89220 10
89230 10
89240 10
89250 10
89260 10
89270 10
89280 10
89290 10
89300 10
89310 10
89320 10
89330 10
89340 10
89350 10
89360 10
89370 10
89380 10
89390 10
89400 10
89410 10
89420 10
89430 10
89440 10
89450 10
89460 10
89470 10
89480 10
89490 10
89500 10
89510 10
89520 10
89530 10
89540 10
89550 10
89560 10
89570 10
89580 10
89590 10
89600 10
89610 10
89620 10
89630 10
89640 10
89650 10
89660 10
89670 10
89680 10
89690 10
89700 10
89710 10
89720 10
89730 10
89740 10
89750 10
89760 10
89770 10
89780 10
89790 10
89800 10
89810 10
89820 10
89830 10
89840 10
89850 10
89860 10
89870 10
89880 10
89890 10
89900 10
89910 10
89920 10
89930 10
89940 10
89950 10
89960 10
89970 10
89980 10
89990 10
90000 10
90010 10
90020 10
90030 10
90040 10
90050 10
90060 10
90070 10
90080 10
90090 10
90100 10
90110 10
90120 10
90130 10
90140 10
90150 10
90160 10
90170 10
90180 10
90190 10
90200 10
90210 10
90220 10
90230 10
90240 10
90250 10
90260 10
90270 10
90280 10
90290 10
90300 10
90310 10
90320 10
90330 10
90340 10
90350 10
90360 10
90370 10
90380 10
90390 10
90400 10
90410 10
90420 10
90430 10
90440 10
90450 10
90460 10
90470 10
90480 10
90490 10
90500 10
90510 10
90520 10
90530 10
90540 10
90550 10
90560 10
90570 10
90580 10
90590 10
90600 10
90610 10
90620 10
90630 10
90640 10
90650 10
90660 10
90670 10
90680 10
90690 10
90700 10
90710 10
90720 10
90730 10
90740 10
90750 10
90760 10
90770 10
90780 10
90790 10
90800 10
90810 10
90820 10
90830 10
90840 10
90850 10
90860 10
90870 10
90880 10
90890 10
90900 10
90910 10
90920 10
90930 10
90940 10
90950 10
90960 10
90970 10
90980 10
90990 10
91000 10
91010 10
91020 10
91030 10
91040 10
91050 10
91060 10
91070 10
91080 10
91090 10
91100 10
91110 10
91120 10
91130 10
91140 10
91150 10
91160 10
91170 10
91180 10
91190 10
91200 10
91210 10
91220 10
91230 10
91240 10
91250 10
91260 10
91270 10
91280 10
91290 10
91300 10
91310 10
91320 10
91330 10
91340 10
91350 10
91360 10
91370 10
91380 10
91390 10
91400 10
91410 10
91420 10
91430 10
91440 10
91450 10
91460 10
91470 10
91480 10
91490 10
91500 10
91510 10
91520 10
91530 10
91540 10
91550 10
91560 10
91570 10
91580 10
91590 10
91600 10
91610 10
91620 10
91630 10
91640 10
91650 10
91660 10
91670 10
91680 10
91690 10
91700 10
91710 10
91720 10
91730 10
91740 10
91750 10
91760 10
91770 10
91780 10
91790 10
91800 10
91810 10
91820 10
91830 10
91840 10
91850 10
91860 10
91870 10
91880 10
91890 10
91900 10
91910 10
91920 10
91930 10
91940 10
91950 10
91960 10
91970 10
91980 10
91990 10
92000 10
92010 10
92020 10
92030 10
92040 10
92050 10
92060 10
92070 10
92080 10
92090 10
92100 10
92110 10
92120 10
92130 10
92140 10
92150 10
92160 10
92170 10
92180 10
92190 10
92200 10
92210 10
92220 10
92230 10
92240 10
92250 10
92260 10
92270 10
92280 10
92290 10
92300 10
92310 10
92320 10
92330 10
92340 10
92350 10
92360 10
92370 10
92380 10
92390 10
92400 10
92410 10
92420 10
92430 10
92440 10
92450 10
92460 10
92470 10
92480 10
92490 10
92500 10
92510 10
92520 10
92530 10
92540 10
92550 10
92560 10
92570 10
92580 10
92590 10
92600 10
92610 10
92620 10
92630 10
92640 10
92650 10
92660 10
92670 10
92680 10
92690 10
92700 10
92710 10
92720 10
92730 10
92740 10
92750 10
92760 10
92770 10
92780 10
92790 10
92800 10
92810 10
92820 10
92830 10
92840 10
92850 10
92860 10
92870 10
92880 10
92890 10
92900 10
92910 10
92920 10
92930 10
92940 10
92950 10
92960 10
92970 10
92980 10
92990 10
93000 10
93010 10
93020 10
93030 10
93040 10
93050 10
93060 10
93070 10
93080 10
93090 10
93100 10
93110 10
93120 10
93130 10
93140 10
93150 10
93160 10
93170 10
93180 10
93190 10
93200 10
93210 10
93220 10
93230 10
93240 10
93250 10
93260 10
93270 10
93280 10
93290 10
93300 10
93310 10
93320 10
93330 10
93340 10
93350 10
93360 10
93370 10
93380 10
93390 10
93400 10
93410 10
93420 10
93430 10
93440 10
93450 10
93460 10
93470 10
93480 10
93490 10
93500 10
93510 10
93520 10
93530 10
93540 10
93550 10
93560 10
93570 10
93580 10
93590 10
93600 10
93610 10
93620 10
93630 10
93640 10
93650 10
93660 10
93670 10
93680 10
93690 10
93700 10
93710 10
93720 10
93730 10
93740 10
93750 10
93760 10
93770 10
93780 10
93790 10
93800 10
93810 10
93820 10
93830 10
93840 10
93850 10
93860 10
93870 10
93880 10
93890 10
93900 10
93910 10
93920 10
93930 10
93940 10
93950 10
93960 10
93970 10
93980 10
93990 10
94000 10
94010 10
94020 10
94030 10
94040 10
94050 10
94060 10
94070 10
94080 10
94090 10
94100 10
94110 10
94120 10
94130 10
94140 10
94150 10
94160 10
94170 10
94180 10
94190 10
94200 10
94210 10
94220 10
94230 10
94240 10
94250 10
94260 10
94270 10
94280 10
94290 10
94300 10
94310 10
94320 10
94330 10
94340 10
94350 10
94360 10
94370 10
94380 10
94390 10
94400 10
94410 10
94420 10
94430 10
94440 10
94450 10
94460 10
94470 10
94480 10
94490 10
94500 10
94510 10
94520 10
94530 10
94540 10
94550 10
94560 10
94570 10
94580 10
94590 10
94600 10
94610 10
94620 10
94630 10
94640 10
94650 10
94660 10
94670 10
94680 10
94690 10
94700 10
94710 10
94720 10
94730 10
94740 10
94750 10
94760 10
94770 10
94780 10
94790 10
94800 10
94810 10
94820 10
94830 10
94840 10
94850 10
94860 10
94870 10
94880 10
94890 10
94900 10
94910 10
94920 10
94930 10
94940 10
94950 10
94960 10
94970 10
94980 10
94990 10
95000 10
95010 10
95020 10
95030 10
95040 10
95050 10
95060 10
95070 10
95080 10
95090 10
95100 10
95110 10
95120 10
95130 10
95140 10
95150 10
95160 10
95170 10
95180 10
95190 10
95200 10
95210 10
95220 10
95230 10
95240 10
95250 10
95260 10
95270 10
95280 10
95290 10
95300 10
95310 10
95320 10
95330 10
95340 10
95350 10
95360 10
95370 10
95380 10
95390 10
95400 10
95410 10
95420 10
95430 10
95440 10
95450 10
95460 10
95470 10
95480 10
95490 10
95500 10
95510 10
95520 10
95530 10
95540 10
95550 10
95560 10
95570 10
95580 10
95590 10
95600 10
95610 10
95620 10
95630 10
95640 10
95650 10
95660 10
95670 10
95680 10
95690 10
95700 10
95710 10
95720 10
95730 10
95740 10
95750 10
95760 10
95770 10
95780 10
95790 10
95800 10
95810 10
95820 10
95830 10
95840 10
95850 10
95860 10
95870 10
95880 10
95890 10
95900 10
95910 10
95920 10
95930 10
95940 10
95950 10
95960 10
95970 10
95980 10
95990 10
96000 10
96010 10
96020 10
96030 10
96040 10
96050 10
96060 10
96070 10
96080 10
96090 10
96100 10
96110 10
96120 10
96130 10
96140 10
96150 10
96160 10
96170 10
96180 10
96190 10
96200 10
96210 10
96220 10
96230 10
96240 10
96250 10
96260 10
96270 10
96280 10
96290 10
96300 10
96310 10
96320 10
96330 10
96340 10
96350 10
96360 10
96370 10
96380 10
96390 10
96400 10
96410 10
96420 10
96430 10
96440 10
96450 10
96460 10
96470 10
96480 10
96490 10
96500 10
96510 10
96520 10
96530 10
96540 10
96550 10
96560 10
96570 10
96580 10
96590 10
96600 10
96610 10
96620 10
96630 10
96640 10
96650 10
96660 10
96670 10
96680 10
96690 10
96700 10
96710 10
96720 10
96730 10
96740 10
96750 10
96760 10
96770 10
96780 10
96790 10
96800 10
96810 10
96820 10
96830 10
96840 10
96850 10
96860 10
96870 10
96880 10
96890 10
96900 10
96910 10
96920 10
96930 10
96940 10
96950 10
96960 10
96970 10
96980 10
96990 10
97000 10
97010 10
97020 10
97030 10
97040 10
97050 10
97060 10
97070 10
97080 10
97090 10
97100 10
97110 10
97120 10
97130 10
97140 10
97150 10
97160 10
97170 10
97180 10
97190 10
97200 10
97210 10
97220 10
97230 10
97240 10
97250 10
97260 10
97270 10
97280 10
97290 10
97300 10
97310 10
97320 10
97330 10
97340 10
97350 10
97360 10
97370 10
97380 10
97390 10
97400 10
97410 10
97420 10
97430 10
97440 10
97450 10
97460 10
97470 10
97480 10
97490 10
97500 10
97510 10
97520 10
97530 10
97540 10
97550 10
97560 10
97570 10
97580 10
97590 10
97600 10
97610 10
97620 10
97630 10
97640 10
97650 10
97660 10
97670 10
97680 10
97690 10
97700 10
97710 10
97720 10
97730 10
97740 10
97750 10
97760 10
97770 10
97780 10
97790 10
97800 10
97810 10
97820 10
97830 10
97840 10
97850 10
97860 10
97870 10
97880 10
97890 10
97900 10
97910 10
97920 10
97930 10
97940 10
97950 10
97960 10
97970 10
97980 10
97990 10
98000 10
98010 10
98020 10
98030 10
98040 10
98050 10
98060 10
98070 10
98080 10
98090 10
98100 10
98110 10
98120 10
98130 10
98140 10
98150 10
98160 10
98170 10
98180 10
98190 10
98200 10
98210 10
98220 10
98230 10
98240 10
98250 10
98260 10
98270 10
98280 10
98290 10
98300 10
98310 10
98320 10
98330 10
98340 10
98350 10
98360 10
98370 10
98380 10
98390 10
98400 10
98410 10
98420 10
98430 10
98440 10
98450 10
98460 10
98470 10
98480 10
98490 10
98500 10
98510 10
98520 10
98530 10
98540 10
98550 10
98560 10
98570 10
98580 10
98590 10
98600 10
98610 10
98620 10
98630 10
98640 10
98650 10
98660 10
98670 10
98680 10
98690 10
98700 10
98710 10
98720 10
98730 10
98740 10
98750 10
98760 10
98770 10
98780 10
98790 10
98800 10
98810 10
98820 10
98830 10
98840 10
98850 10
98860 10
98870 10
98880 10
98890 10
98900 10
98910 10
98920 10
98930 10
98940 10
98950 10
98960 10
98970 10
98980 10
98990 10
99000 10
99010 10
99020 10
99030 10
99040 10
99050 10
99060 10
99070 10
99080 10
99090 10
99100 10
99110 10
99120 10
99130 10
99140 10
99150 10
99160 10
99170 10
99180 10
99190 10
99200 10
99210 10
99220 10
99230 10
99240 10
99250 10
99260 10
99270 10
99280 10
99290 10
99300 10
99310 10
99320 10
99330 10
99340 10
99350 10
99360 10
99370 10
99380 10
99390 10
99400 10
99410 10
99420 10
99430 10
99440 10
99450 10
99460 10
99470 10
99480 10
99490 10
99500 10
99510 10
99520 10
99530 10
99540 10
99550 10
99560 10
99570 10
99580 10
99590 10
99600 10
99610 10
99620 10
99630 10
99640 10
99650 10
99660 10
99670 10
99680 10
99690 10
99700 10
99710 10
99720 10
99730 10
99740 10
99750 10
99760 10
99770 10
99780 10
99790 10
99800 10
99810 10
99820 10
99830 10
99840 10
99850 10
99860 10
99870 10
99880 10
99890 10
99900 10
99910 10
99920 10
99930 10
99940 10
99950 10
99960 10
99970 10
99980 10
99990 10
