100
7
71
76
90
8725
9277
49
1
6
9
565
9955
8
7
7997
2
4417
36
6
2160
546
913
907
10
7
9
20
507
20
4
8
460
2801
54
839
5
964
41
5340
2
820
1
62
61
20
62
362
31
8
62
1
5
42
9
3
3
3609
8134
3559
2
754
5
8455
143
861
3
491
31
40
1
4675
44
7786
228
3311
9404
2988
110
21
464
3
6
494
570
42
79
4
632
1
3
252
726
878
4450
62
5
67
563
76
3
57
429
7
5181
9561
851
17
1149
7
81
41
2339
47
2223
3
69
83
8597
6467
759
463
7
1
283
281
4337
63
1173
4127
643
9301
153
129
09
7
07
3
1
89
29
899
599
939
9
9
487
5427
9097
9
33
159
0083
5851
981
821
4709
3
947
9
901
3
01533
007
9
017
7
2647
847
7
77
77
23
7
7573
9941
3
541
3
7511
1957
131
9
8653
1
1
49
1
8231
21
2783
7627
9
7883
6873
851
107
119
47
379
69
