537002240
150733828
675318310
0
268509184
538968112
253842468
201589248
0
536903680
2
536871180
8684352
4104
569194632
0
70550117
0
537920104
0
0
0
0
0
304197003
79694848
4928
24731057
2
49289216
27
541118472
0
134217736
4718592
32770
0
16851076
25182224
268435592
3223784
0
839934033
0
262784
0
131072
1024
536887296
536870980
783847506
268435456
0
268435456
536903728
20480
0
672137428
4
73435153
8476
4259872
558104584
0
16777216
524288
570430736
32
0
352993280
0
32768
131072
66048
0
786442
128
0
283765693
1026
2097280
2097152
16640
1835776
0
309990281
2
32768
605362355
675316788
9445376
135168
0
8392720
33554432
0
21495872
1048576
65536
0
537395328
134219584
655370
570425344
16
131072
5587200
0
0
0
256
0
3547296
537919784
268435968
8192
0
268435460
271585296
0
33554448
118976260
16
38208
218571214
8192
541722624
1048576
542016617
538181730
17825792
50331776
537927696
276824320
262144
268435456
0
0
2048
4264194
29537154
16777216
268435456
76025920
256
0
260
271353345
101329779
538972160
34803792
0
0
134283264
0
591557961
16
0
0
2048
2097152
25729
33587200
16777216
573177888
0
607162386
6144
16814466
371200322
2882
612697285
0
536870912
128
0
65793
134251808
495470592
54525952
287533828
0
574641168
1024
100963191
285683865
8192
637962240
52466707
2
268533778
336596992
110728
524288
8192
2049
131233
0
128
52428800
638588945
17826056
25239570
549587200
538845776
0
67174408
19136808
135439440
137390288
83990351
604504064
10485760
4194304
8192
293621770
704659472
321122159
17317888
2097152
0
536870912
207613063
0
65792
2621952
33591426
32
33574945
4
20992512
8650884
33554432
4
134217728
268435712
8388608
0
133128
16777216
0
100671488
87064576
807927808
0
267328
8192
64
0
0
172704948
1048576
17597258
176308324
482869254
335544832
0
32769
440772240
335546496
83886080
269357056
5
17891395
837912
537037209
8390656
4096
115073431
67239952
132
314729985
536870912
184565800
570429698
67666944
0
1048576
1024
0
537395202
537145360
512
4315136
0
0
268583441
33214600
338725124
536871940
2097160
304087040
69210114
550505520
0
8
67108872
0
43936364
144212480
33685584
0
672661584
202983304
33554432
0
605094595
855736320
335547392
0
478707730
503434084
1048832
427840288
0
2097408
22993436
0
0
0
32
570425347
262144
352329728
285294752
553649160
8388608
2
0
5259472
67633280
0
272629760
0
0
0
2049
537919488
134217856
0
0
1
606138630
90624
436208000
33554432
671319050
2048
134219776
312573953
0
262176
134217856
139460616
213934704
134742304
134250496
2098690
64
0
9443344
0
4194689
16777216
2049
0
0
472129540
0
536870912
0
134217728
753383959
131072
0
147699633
1024
16384
524288
2122024
268435458
131073
536870912
553748481
0
673185984
8691718
545259522
152125803
0
553698816
960619138
35659776
12620229
271058956
122043772
57868
0
33571332
0
0
811084197
4227089
268437516
529424
2560
9437836
285745408
1024
570429715
537528394
604124689
765042489
135789
67108864
16908360
0
306797603
67376194
268533824
597721137
537665564
0
393228
81867402
5244928
105134091
788837344
131492
537331712
0
128
619647793
9488
64
0
0
302088706
539230210
0
2097152
0
262152
1
1048604
0
839062530
262912
0
73728
0
0
0
0
403105920
0
536875056
0
0
268436784
439355436
0
0
84034856
605559110
638352137
512
0
0
0
872598196
65536
403800388
0
537041448
814891528
553685571
337117206
536870912
10485776
17960803
23340048
17301568
17825809
138444804
3867045
0
75840
8322
0
65536
0
268566528
589952
415237122
0
163872
541065536
838878504
0
268435456
0
135331848
272
485556228
92301352
16
1056832
1153
584068121
536870928
1572992
537165824
20979712
1048576
0
16777216
402718720
64
0
536870912
155190801
524417
529424
196864
0
0
0
37797888
269549568
0
336617669
41943047
0
558366550
0
0
8
16777216
84936937
0
566962916
674251639
268435456
685268307
0
131072
37757032
570425345
0
512
0
32768
0
16779264
0
0
59244545
68288656
0
0
0
2048
4195329
1152
548800832
826302478
2105344
642430582
62473989
0
524548
285212749
0
0
4194432
34636819
0
8388608
641914799
45678722
268435520
135004172
545267720
3670016
196337412
0
0
512
4194304
33554432
235807777
67113228
536871168
545949770
134219816
0
1024
4211716
10511588
135923988
155492418
4
1
578813952
536870912
270832
152903795
26412032
512676845
100663298
128
134766600
0
0
2111234
580927536
0
117440612
606355480
638068872
0
262144
8389120
26748947
0
0
656412704
509596651
0
0
2048
0
0
0
536870920
572719169
549519488
16777216
131072
213312517
537962050
547851080
272785552
0
33554432
0
270106922
536879776
557899905
139466820
0
9
0
324239360
134288896
76022147
537608192
32768
8192
1065504
767697243
67559472
8
269026432
0
16416
143657986
100698315
16384
539230400
0
32
512
2
16868992
162530116
0
2097152
536870915
0
587726913
18874368
302420720
0
188131000
822085632
688003072
4341764
302057601
4100
41947136
0
0
571998624
596901959
570426608
151129088
8388608
0
541067264
0
0
130
532488
534893192
8192
268435456
941184
192
2
16777216
1048580
710070070
1048616
131005932
46143489
536870912
537003394
269093120
571232646
536936448
1
0
1050648
66560
755302456
537267200
0
557843072
16384
266368
0
123312798
34160906
4096
19398672
134414336
262152
551228086
2622509
2560
67108865
134217728
357955464
0
16
4096
537395217
4096
0
0
0
268500992
0
4995589
536873040
152633376
64
205534024
4096
17399808
0
573588272
541065224
16777248
0
84058706
402653698
88212750
66560
0
256
4456977
0
4194561
16
56704201
0
0
0
2176
318857508
0
0
536870912
175113224
0
0
32
570949952
1840128
0
268435456
69595524
0
1048576
0
25182208
606732803
592056512
0
285267072
0
1024
8392961
67108864
1049088
67207170
0
0
2097156
67108868
0
4
429290164
16
50364424
8393728
546439536
0
33554448
654319876
4194576
0
553648384
1
554969116
1048576
1067040
0
0
721981677
378882
0
0
1572864
8
0
88462625
675282980
34668820
268705792
85672163
53777421
0
1573120
538968064
136847876
536936964
281030656
0
563364098
0
537141312
568891814
402784544
272735299
4325380
67715360
0
821933797
0
0
120103280
0
262144
32768
0
68168834
268435456
268435456
272703620
8
573605888
268838912
537919489
439354400
8192
0
402797570
538969088
69289008
2
526336
32768
4198400
65808
0
67403842
8986684
67110920
578830736
588
36145606
69632
1706116
272124448
32776
0
0
0
0
8594432
32
0
29630481
272110341
17825856
16
71340547
0
4096
25739394
537935936
8388609
33280
536871488
0
1770496
4456576
77229624
33554496
0
128
135602192
131072
2560
269484034
326592233
16777216
0
8196
0
0
268439552
262248
810553344
339746832
738525968
0
625633024
142671872
536871104
47988800
51445888
1
128450011
536971264
1183744
134236288
0
67108864
16384
6817793
550343522
145244592
565960900
0
1044
823288876
0
630913
269092928
2048
75497568
536879691
0
528384
0
0
542680628
83898528
537165825
134218240
0
3072
1114116
2097152
131072
8389302
134217728
122687556
14680064
0
0
32768
537272576
73888
52058372
0
2
67437624
270018624
0
1545
134217744
0
0
0
