35 10
0000000000000000000000000000000000000000000000000000000000000000000000000000 5
0000000000000000000000000000000000000000000000000000000000000000000000000000 5
0000000000000000000000000000000000000000000000000000000000000000000000000000 5
0000000000000000000000000000000000000000000000000000000000000000000000000000 5
0000000000000000000000000000000000000000000000000000000000000000000000000000 5
0000000000000000000000000000000000000000000000000000000000000000000000000000 5
0000000000000000000000000000000000000000000000000000000000000000000000000000 5
0000000000000000000000000000000000000000000000000000000000000000000000000000 5
0000000000000000000000000000000000000000000000000000000000000000000000000000 5
0000000000000000000000000000000000000000000000000000000000000000000000000000 5
0000000000000000000000000000000000000000000000000000000000000000000000000000 5
0000000000000000000000000000000000000000000000000000000000000000000000000000 5
0000000000000000000000000000000000000000000000000000000000000000000000000000 5
0000000000000000000000000000000000000000000000000000000000000000000000000000 5
0000000000000000000000000000000000000000000000000000000000000000000000000000 5